949536
876040
551319
901262
34644
425408
889898
587129
591848
915910
710728
539410
339155
838169
48859
137605
394447
192408
7208
427408
446328
423982
998113
888906
927009
868648
409152
519193
903797
991024
284248
970316
752424
652330
49166
601541
859128
163867
773385
429040
743536
380703
251179
432819
275357
291500
84574
784776
318263
522153
697197
941944
796247
26421
282836
135330
282376
474027
998331
644738
14193
507880
359614
257562
892218
55513
4019
103440
691968
270048
686047
104746
794674
920425
320841
331425
230351
993948
246470
881948
425964
992907
211114
387350
296557
235085
890485
977
635282
522706
842558
384716
267840
545170
138957
653790
557823
913850
857696
686857
115574
919082
590368
889999
103763
245427
852690
410901
24315
532590
899979
720157
461726
923631
876474
991750
58518
190169
515258
185183
591004
15905
78511
89415
516725
598690
752393
474924
792778
401576
298556
373557
545158
795596
264170
605006
472208
308730
97742
299935
493441
794935
387746
181557
234437
736814
410848
609537
18749
296818
705338
212108
158828
157921
724110
658796
840079
580775
701463
764201
60361
563835
572122
618542
906493
199833
375573
682292
595760
33151
614760
854368
766623
874360
544092
145928
250484
104915
28322
124746
915609
823598
216792
931664
763244
570899
631572
712085
384862
680067
74876
458775
357596
139019
138159
304663
280285
806137
345987
591913
567141
721606
386905
910690
570024
664417
544149
12187
217686
15096
328474
347087
508392
595304
860585
495066
931576
842081
821054
276641
278070
456521
441628
993092
399026
451629
645
171286
685857
986937
725531
696243
993920
777668
586845
34188
950425
29060
549507
936692
435077
75443
45084
427067
620053
63638
74576
758341
900110
139420
190042
758109
394469
642709
441536
637886
264505
727298
535034
922601
587537
519547
96155
947589
832598
344525
221327
584706
546560
892551
927916
794391
708149
708638
806274
99810
904657
340417
919330
164620
597241
692645
849971
143826
854622
753780
352528
433388
101801
761991
698363
538610
424475
884630
551272
330432
730353
807783
703759
47510
830750
56181
685675
345584
501731
668909
221588
779922
890852
749177
472863
334092
601229
547360
395319
717597
270547
112850
527637
544012
363857
886599
667012
579874
747483
42101
786182
48760
534158
951384
26175
324796
944085
544235
392832
167828
132958
337765
23041
892092
3291
70228
303062
61273
168300
857935
583728
64552
612435
58019
773589
572849
135060
578367
820378
597521
509975
782477
397932
886803
493276
330821
262140
659082
475764
934555
700446
89166
512566
636488
414612
850055
830729
414699
453991
627632
850207
578378
914107
139208
589663
213787
418508
818900
6692
821444
997711
73145
373596
120943
729767
187245
985496
760074
943652
694428
711792
18990
558747
678640
457876
913153
611947
201103
766428
554960
354816
894794
388085
902356
57849
789927
434850
467691
483746
553023
197796
870372
535023
654129
380538
529510
975678
554019
364924
707882
641192
541367
763829
246933
440084
569582
547037
174692
592623
446186
612274
635515
66424
659980
325130
619532
331429
539581
786785
33725
998681
429095
444595
606106
98146
299908
853070
318592
769418
86388
40433
724336
707114
51295
506575
922870
813280
555240
616631
712603
556647
705128
69374
191603
69705
236627
64341
32754
737760
625900
391761
711122
754422
885743
145257
131061
970296
53101
687196
454769
130272
971401
64933
246943
421144
184867
211570
347511
682801
221819
628926
21976
378139
604673
541092
608196
785006
591325
246499
186388
769505
407805
954422
312870
55278
204080
279714
619946
914786
471136
64424
883947
534386
409286
261600
696048
302872
869986
148094
813127
264134
301881
396133
934130
76890
717067
478075
988060
816909
79922
889871
93616
52205
488717
695011
924018
827303
839728
167694
597739
456636
804896
893129
308514
848309
664597
477254
214560
146772
810339
114744
213284
946031
254480
471304
537603
27304
103318
254887
928704
249373
91610
428032
742565
634714
173875
585093
659626
43915
283655
865480
167738
248792
328126
352955
547979
926258
312127
560283
157779
899621
716315
665320
403331
893835
182038
513139
531712
743410
331812
683338
589129
129540
126361
878608
325319
86854
720841
188023
592801
619840
161820
93612
58866
716479
708912
965765
780666
75072
462188
608324
967090
924622
962721
832444
117736
376669
758534
676680
280854
205695
505536
817672
882603
306250
513494
871238
382470
506918
634446
830259
360786
50914
208249
129800
387844
35980
235261
858168
809432
404605
660693
339260
366803
785659
258846
608457
933888
181063
385780
659723
923912
434358
99052
766453
496730
651808
760197
724185
172708
191213
553881
266575
778861
887743
233183
658993
552841
786599
865220
344624
417213
82322
861032
231904
805085
523228
643040
707512
282025
7453
338190
197775
559581
277461
957184
408245
440944
310542
824695
682512
717796
705482
138277
486160
649864
584970
749559
522680
956151
177887
25108
591741
315014
172586
894088
627268
401770
457129
995773
63029
308029
927817
346278
462736
718324
544508
15166
5363
106808
749422
127673
184982
755209
68327
662079
74099
806748
273455
619520
270051
164348
318253
263490
28202
674648
911793
331832
113661
115774
670210
375099
67237
93398
391825
721007
468918
424625
741821
681940
787764
572130
386559
887171
252024
604261
158209
34136
404918
814927
426276
607197
719071
135253
231952
527925
247888
778138
104742
755101
594887
648073
149760
69802
933734
315303
696073
828377
865405
26294
951811
656153
127065
244357
113937
296790
431868
759767
694994
412722
912422
860737
590461
398563
201204
121857
860783
211408
554872
483756
266214
872741
722012
389624
770255
525808
521560
754469
735011
693386
745982
940296
465357
815404
682745
388936
265853
411927
303754
888709
605703
210421
302171
699501
17832
481914
808788
663973
688210
168267
931866
433893
226108
752831
495973
54088
944711
446513
193594
487005
818610
77161
497112
105459
241607
609538
575100
276145
938066
795028
311586
698515
137572
855579
395588
656261
133590
550994
512991
254005
59674
911723
684896
531402
377345
483388
506452
497850
358420
87165
633846
343351
202801
81024
977093
281456
26775
426817
157114
617609
14730
699379
38376
438359
568699
434603
824356
761081
346618
492140
400630
218755
889895
629861
131967
467475
262484
829440
599065
274605
705081
812270
110541
903731
307140
251811
500339
174012
448823
399473
148461
886220
140215
501105
124065
464708
137107
595468
168130
128662
726570
841411
385567
79634
206429
533458
897862
137938
576542
295314
783872
274696
50411
511023
876039
710876
129305
915407
781446
699483
153515
416008
50184
182100
475009
798740
885846
823317
483182
839329
296593
830254
551859
951578
598503
715634
766361
253692
382284
839783
254765
12877
56360
339626
578526
272169
219564
937561
785443
400641
570457
787430
881726
562754
518055
377825
406316
321330
406575
892875
970336
338971
476338
25858
2555
724994
376036
289738
436207
607635
796721
580528
302490
34405