506082	820983	523773	104998	274396	213233	741941	75591	204328	510135
582187	512711	734068	944032	605466	572924	8545	578675	106355	608989
304840	84233	613898	720542	639279	239639	893730	24867	161093	685218
729357	906032	472202	95753	603104	109878	752782	986205	454070	573090
115279	816720	265871	631660	301122	735956	206635	477325	882533	242859
531740	532011	826363	502793	448055	841844	966982	471571	865040	946967
932920	579114	791513	675651	766729	672847	109708	862783	784525	943226
723870	780224	303610	912378	480054	998515	758407	616679	186380	326234
999750	716827	97193	682516	201624	535263	855598	29185	698427	119670
355526	927854	680345	570574	165472	69050	313904	475899	694046	645248
663605	635971	124195	8389	502684	815262	615482	597591	709908	647073
374669	98297	714367	831300	186806	742644	936282	655938	957941	622793
113914	110770	894164	968502	53304	104968	422502	235862	914148	196502
21956	327030	534112	566129	5720	632136	840110	997130	385292	192234
290986	441508	977929	989199	653246	611486	224420	573600	894740	155478
454794	381916	589998	296177	468883	662097	523139	449033	142001	818609
918399	718840	61786	135529	782424	840589	187709	845039	106370	594023
370190	431546	938942	687710	354230	620330	8941	999408	205579	859194
953726	586886	421778	60009	909348	425954	163787	391624	694013	516405
566914	274944	429042	708729	635043	914016	21385	746884	81394	45974
383514	509967	324959	801522	133650	944425	684595	641381	890963	687597
113390	89094	264776	844760	908267	97968	466813	381944	673226	722903
164664	453691	967290	859281	45937	4680	653140	418159	46399	314403
261225	824714	417348	473751	671779	230171	314344	571410	168910	415858
619130	171706	527002	350442	676606	873019	994680	171140	774214	645308
845422	653639	200582	239301	619506	108466	387284	211813	894095	491278
285578	627964	722085	228456	85572	177277	871980	914010	106911	332821
263049	667064	852151	978500	938159	447383	561726	397417	198801	920229
637581	422199	753357	803705	717266	804758	699690	564367	662493	402279
604326	902022	487208	343943	355299	790814	323599	61462	636994	930014
709514	776448	49289	693345	598847	770696	79432	953295	423966	548599
316006	881946	851826	41693	363441	638159	598244	367549	672727	109296
43619	694371	723277	373195	834020	697685	664964	228486	805558	127652
238902	447008	406158	306374	322750	477065	124025	814286	151181	324460
658964	9274	904604	575737	199051	83947	587591	327973	156347	527978
568012	667966	231326	265562	338132	830721	728208	125856	748520	412704
792745	159404	38882	616867	221161	469864	745777	401957	577543	543517
443323	849559	520283	954228	40755	857793	65504	919431	111009	553978
307519	736614	233491	895464	517040	122769	815820	432347	31572	874838
71309	309738	323104	325273	883689	68758	447560	597496	65319	134186
948386	807460	948237	268380	130848	944639	494013	394784	849590	830566
721957	719795	568203	438679	195515	270383	891193	675834	490510	63465
627813	446358	109896	406216	159467	79049	336628	207222	345909	466156
984893	875921	195949	811590	368163	303906	640116	756200	589889	309488
135254	626036	684585	845520	985693	945232	564222	118227	962946	30992
851597	847722	825432	722165	733833	310970	632014	728707	453998	122198
344008	41450	165934	57867	139643	150004	128639	257951	678133	919000
108292	244530	58112	635553	590448	556189	332376	446768	339982	597668
851141	101814	436053	496808	124222	953898	450259	101416	890663	538895
340720	972468	490582	815565	821043	980713	119935	868450	221147	17683
654278	85045	214596	944789	865984	353261	707821	417253	204049	194154
67629	385678	102494	929790	150487	698581	16251	63799	542803	72355
743399	927319	329685	644574	665238	894010	900624	793195	937549	758703
462546	919766	599855	643179	766219	558469	798589	179975	314557	813863
368172	654344	875672	533665	458441	176711	336014	153571	570554	139691
981901	31211	185194	907199	496121	40283	982716	436713	164241	21173
532674	999758	697094	814740	993694	786910	194117	450237	580489	536255
610009	36630	265943	376944	743069	413914	540143	545999	180650	35795
925101	847323	403995	259909	85816	301534	142076	566908	332235	656364
144457	94927	954432	346642	948217	906278	892847	384006	777156	983561
197704	182102	910385	632380	567323	907217	147501	239201	620325	303233
808586	30325	599563	764347	905108	871123	118771	345006	974878	218565
862970	678262	12972	572988	848777	213783	417560	996683	190230	433269
6692	771635	621687	415099	696414	768734	188233	242100	33144	495593
114760	885591	730583	119660	587540	373994	385115	751860	921570	673614
71644	928333	271230	177485	863085	53700	191123	945204	90281	360457
992119	447048	802492	5449	198459	70737	765196	780663	343534	633385
65235	960642	900520	564872	159898	289883	222319	574868	960164	529792
574083	221517	919951	251669	776250	847888	37187	255738	576389	650438
36530	431379	342777	146971	644862	265090	295116	75091	66925	407539
261841	717157	183835	570969	838479	584004	475123	311659	761552	413120
202869	47064	281672	139350	453198	642526	371721	28588	506781	139596
90322	486559	38387	76414	389979	636590	18670	401258	294053	709083
508396	415833	252475	843247	110443	676970	936849	632542	310104	936192
754765	579437	665334	761825	94251	138980	22517	4858	160796	922866
19628	652937	605418	459275	470910	387377	756136	732505	521322	952057
92391	803328	191342	67999	110458	797218	851004	900148	34783	646996
964750	162620	391942	921795	421636	218014	109186	159434	133130	970477
530237	531991	887792	507064	790010	352751	682028	403009	380733	317552
451733	643969	354280	601574	729992	374197	78445	973542	235422	817407
564936	463744	27499	67124	562543	877263	200864	231159	653455	196585
160281	697173	979994	13267	292032	253099	518008	849987	344269	219256
664366	59556	919462	594598	131682	761156	806243	737081	156360	81731
344262	405249	927291	656467	226088	266366	774110	159315	571767	630825
484818	254516	508995	254571	73873	329648	514121	810215	360889	147854
142189	442362	840010	683836	405610	612695	353572	638131	959936	780709
651914	574323	549116	436572	669923	122548	358806	124249	339277	950605
568741	796278	536579	89309	126981	978381	677818	326430	906000	741019
244847	484465	962771	70598	350926	178337	777984	206907	504365	446412
722842	143332	766550	622429	204185	931260	719829	55796	595899	826498
221372	677512	669077	21400	489872	79459	256879	301258	868415	731631
284712	78793	192217	531455	168305	183551	301858	409734	455792	557559
55967	669716	653776	532100	984281	887963	538500	715347	376388	429654
574066	738650	414997	144187	437458	534816	119212	7585	466236	551425
641600	438592	942352	707088	332549	335253	726699	396523	245420	196808
168006	202094	452401	348335	796185	906935	714406	226802	463093	340057
198964	957932	498532	769161	382248	173804	580194	128430	754636	38234
865152	95001	951544	905338	506926	379650	765653	333746	541426	91659
525858	523535	78486	535483	386647	852775	678238	962003	902765	97030
551313	110870	815410	485885	39838	562712	353463	397864	400457	333960
222228	412452	684448	429313	597797	995177	238919	873149	647813	309840
434963	650214	123722	424284	29973	276636	546352	26363	840584	895996
921894	476829	612303	759984	507458	155873	737289	995447	704069	126840
876001	708282	941861	137072	131737	677172	336523	323790	729905	19954
142720	620301	331356	159200	111711	41599	928551	839300	657678	740596
537434	630087	622190	914542	873833	804013	16959	727685	728504	943922
169367	565614	492546	138005	857810	329829	506174	742938	889315	114870
164722	535650	821988	575878	727251	116026	556333	307413	711876	336816
837753	178669	175510	93065	226150	828722	636449	873338	182243	515280
246717	496871	331268	218471	601047	765803	307715	648959	125693	316713
181256	778397	390969	698229	895449	453889	396442	577674	660358	925307
269251	22347	321623	872928	817667	232689	374279	449095	959137	547431
199172	549208	366203	649545	943004	79268	723878	204230	472970	725123
986983	385024	730031	425644	554344	961322	976673	204553	807812	379721
957125	947976	872273	522416	991841	823061	12917	332819	948934	118149
633389	852418	135156	210563	913919	891254	950433	191662	62677	159985
513074	943592	287704	817208	520340	255721	97461	258388	636907	327096
532322	590043	312311	653938	69745	478005	930142	736661	26342	215182
785208	793590	144516	203463	239166	761234	970546	284893	278715	643600
142168	932404	975855	799219	530830	572190	13730	419694	254683	948321
554307	762987	335898	99614	856133	808519	984667	218396	284853	820317
655448	497241	107492	905938	177367	972734	628368	308218	589432	772444
158018	628267	394112	642871	29340	468818	487380	968895	695034	587622
48850	235987	278267	184154	717600	595725	155946	575512	371479	462018
40285	875120	38295	515623	878825	646255	384672	355724	651810	278010
605857	185341	901708	56033	71451	729784	949735	909659	109725	107772
819122	774210	762654	883574	443971	823469	971852	12953	235702	696875
764532	375903	585874	80685	864124	206781	848007	167856	301076	719148
834355	2368	38177	259611	864705	381320	938644	461329	155977	7437
752560	469055	229455	364944	654837	475432	717558	487644	106001	167857
512053	375372	886823	670295	504325	958427	463875	535253	361268	516568
377671	11424	712822	666742	31802	322012	23865	76423	565498	584662
128893	331846	103249	507196	559781	226533	31947	259340	188371	795407
309647	60838	626556	793657	195567	393947	463090	139201	590313	14922
534023	847846	5590	633533	553355	417332	810844	57471	546906	850955
219847	116754	777657	516835	791623	719997	345801	105279	368032	961667
289404	349463	803371	655115	464580	442794	785612	313525	375055	26200
868597	748324	472374	501156	296547	487254	191046	898413	307805	560862
634481	741487	526121	997380	42256	576845	985777	576707	822938	35284
104367	689234	374820	970026	261677	844724	737051	269811	381818	78796
148860	940985	16032	191279	864577	790019	603958	408776	997757	665532
834931	263322	878042	52959	654429	96218	865724	159339	128390	539355
535629	924702	805348	990462	757774	120247	636291	589038	48707	913048
427964	947647	363074	803460	565861	65686	204467	87037	99376	354611
978751	223701	246880	8111	267787	611099	590024	426422	393143	880657
232269	400780	595130	174631	603330	317544	448268	949232	807595	725740
494613	984001	416695	733229	701012	97209	171264	155974	717296	792755
313263	856631	349179	827272	180924	934368	504301	22796	892044	23190
375596	826144	47471	476596	889440	53268	999276	604602	128843	117556
550889	507939	185499	823074	794813	924150	271095	5164	768579	535070
876077	462159	73496	737941	574254	442292	464348	64806	829797	484752
995676	897374	707041	761930	633443	874023	65425	658643	303138	955742
288264	884626	229441	171877	96302	87131	991921	51052	313720	993634
848861	920360	185882	253141	583972	505529	918187	24458	172939	957730
934308	413458	966280	885548	338121	818427	738907	78454	814585	505164
605891	228103	220809	151569	384025	82879	569285	909579	88724	950870
309075	465920	79850	849834	393356	495104	334013	374177	502872	368591
544744	346954	474498	478981	210385	613308	782242	622894	80181	24053
209650	844934	126515	434165	829970	168335	187334	571460	569513	33031
414253	542814	193709	205870	178583	814399	592356	881134	908104	709776
814090	164079	344661	30053	714374	351552	347363	300411	389493	465691
674525	980847	23754	920538	250550	586863	407701	927299	630146	822962
36585	974386	311239	113974	869412	490778	822031	546897	28051	166278
529801	939735	913903	82433	743103	583629	530337	773578	486476	908331
930657	282210	324401	286452	888190	626225	567850	88525	407398	10788
659747	973697	777385	872880	21160	655233	471413	344480	585324	473962
157956	720321	243441	484822	470982	189384	192307	569038	579704	63549
893359	372238	392716	197795	907046	624127	327276	803078	780622	949368
726586	806177	779313	980042	544390	170941	459411	132181	982219	296720
850971	157818	467661	864525	659053	373688	634655	358352	940024	161934
455338	985542	626442	686829	139124	780891	971670	429341	269223	368535
421632	560722	946518	18230	260101	943693	878289	764255	460878	492470
627215	235177	314270	556447	862877	162088	330713	42441	818881	928733
989100	494248	712461	691558	332385	387509	418096	230523	118589	876851
752024	144398	238466	50042	51016	322608	232778	610728	57770	998527
213324	535543	336504	310203	17435	852953	982131	813645	954377	503134
151733	723995	425494	551139	474685	968149	109412	343474	612084	356160
645656	676308	756367	142245	167895	617242	433799	759625	462342	189725
766664	434204	456621	246057	794900	564448	297217	426787	645789	604842
185374	24810	97611	938005	249023	891731	485993	565084	324873	188576
243955	727666	192669	620082	20873	721289	813766	159362	508389	255659
550622	397177	60266	643584	640132	473821	125553	245975	631199	28119
475427	826586	670363	575830	719222	391175	394748	283366	735360	709043
32256	1859	264119	714218	505580	507379	617558	586963	224825	536060
836584	658008	343920	681343	507874	368209	133386	469524	581936	967988
936936	22541	925214	142660	564239	516387	452334	334491	520966	677875
288400	457396	173604	310780	769662	786861	517665	137482	293470	468939
291236	24596	516511	636858	333971	554863	657932	636227	620246	539434
501064	766009	17952	771614	601961	408349	439299	322672	306961	901398
705000	360587	5750	513212	95008	975957	826610	867971	259468	721990
757133	685698	849271	920094	38959	785737	790544	328256	800984	890203
705174	791265	324110	558810	630535	248810	322347	38371	927733	335836
968880	339486	80622	637607	320396	925681	69632	398335	661622	899534
461806	773447	965483	832607	583961	526882	192933	261221	836720	679791
773153	947394	692948	366254	795854	998966	86345	242195	419927	653061
880344	371022	494456	365799	653202	76069	781692	643918	211838	604708
704854	785150	268549	955802	379846	635871	663198	786886	19053	748898
581342	128031	259670	833865	389616	745021	833803	150373	984201	982643
656313	805918	278147	710483	191183	595270	66679	92771	958202	710441
234854	807441	820727	289700	487419	861970	592822	55736	90211	872717
807627	285108	439365	270646	343893	944570	759830	657285	426309	269345
734582	109048	974281	310592	256711	625909	24124	280568	34629	44939
111092	840067	984505	821427	351374	715624	725384	995875	329984	283195
892922	933121	335525	872037	818981	429051	132669	998048	917096	629552
890515	775378	429389	129034	279638	718664	207456	708511	124999	119506
569100	822942	817841	983010	453955	217832	61511	413492	339796	788193
817126	101379	772138	320320	956114	178180	226527	396713	65463	543385
90743	180435	520920	818980	906943	832988	234092	934917	778738	412985
140450	724815	820665	697586	562643	709053	969890	833676	622131	350120
569590	554624	241646	378156	787619	761531	376906	778814	115506	655592
240003	34418	69006	541622	744503	760283	431349	993578	427345	275826
553317	949941	281108	905429	311877	457777	482302	200843	209831	7322
356170	590762	127907	954418	872245	536438	365552	259498	655004	676543
285830	139363	646283	766362	626262	49739	340990	732775	807593	693759
903029	545268	947734	744502	841533	671186	38684	34822	492870	375542
693291	586405	633651	51205	538493	22835	510022	563468	803342	292007
784317	181094	712203	799941	475518	936318	418288	432543	994153	303266
845698	142749	266022	698086	396323	393617	978160	548868	978858	177620
572280	361787	18588	390042	714729	899250	779065	681362	18830	311304
41393	858821	867673	821077	715843	845721	462875	758005	212306	157149
744405	137039	911563	409700	349726	601317	831092	431853	422718	535649
385756	86114	820490	89489	299088	471266	947256	704575	935432	472316
999919	20971	243642	212218	863187	301196	685519	921111	523780	281633
536994	667954	757834	737455	203582	479614	645813	233779	584609	540563
741100	578670	120321	137729	342135	345654	255743	931409	630714	100311
898421	991603	398436	878787	598092	657644	264988	413668	10971	896597
354614	956896	905821	923777	426142	385225	930595	420162	863613	627818
572606	995781	282998	826303	994812	288216	945874	22765	51001	484448
424013	618088	163366	937870	265432	850114	513528	533294	499354	66303
223516	450095	774202	915330	525572	665745	921565	614525	617429	278953
191060	253572	373470	220223	69864	767905	318494	626588	141720	419571
101231	254632	974244	427926	829913	229039	266700	401235	4637	15194
495689	1795	641673	463019	372855	131510	663778	599707	324235	597480
759172	309093	487070	86123	539880	189473	425483	599545	429493	104545
576521	431887	666616	102985	235362	651648	173672	188633	968225	886931
164631	627957	556103	851740	704600	828987	438880	465930	831881	109703
635489	300966	777362	489162	315993	241971	585268	660894	655099	681714
629024	257832	173657	736601	663427	742085	356457	18785	359592	307571
51381	566306	808820	322539	464905	668806	41940	673420	384568	765565
217749	823040	808598	214559	655319	45321	193289	51160	951785	505446
365180	59910	47449	561594	622288	65276	904997	148180	62831	164613
307997	48832	216258	533425	818208	78669	749602	880090	961437	478415
768959	964546	23146	602680	720372	239907	756385	75308	950682	190735
762568	769245	561156	912463	148885	206515	248695	270867	308858	654869
700268	356013	839782	265014	108134	892132	602251	778491	509420	703495
702391	191989	553740	358912	598254	292132	511070	901449	972443	230420
241911	966282	272635	433657	542246	151195	549452	650502	197395	418840
174945	156670	722737	549215	227093	451849	4383	241238	439737	368727
633066	382277	951549	654338	258413	4471	716382	991579	308978	302775
486224	650445	540564	97183	620579	264099	627654	10941	566349	60813
789295	839243	49396	862218	384921	732532	246073	465964	498729	224923
135830	337322	196593	993510	910782	245276	896255	902688	353751	764859
74492	107636	512245	253829	123774	307159	850430	51894	541360	594953
754688	452815	991503	106805	308369	698481	186968	562657	38668	884518
203675	223242	886566	920692	141335	153382	197750	843348	479455	866799
668628	256961	105735	849501	120675	443416	991264	843608	784143	258434
878788	545905	21796	632659	580743	935531	903078	293221	801967	57010
647604	606141	208001	75631	903859	469278	549330	767794	888947	107524
419985	13130	397707	146040	98819	682189	786104	276917	376659	108683
110765	231060	480115	638346	541700	165754	967550	379197	712139	837933
823851	545124	81153	688956	547762	905301	384375	335803	551461	113843
354397	194389	55429	46042	737993	367158	847483	454212	44327	426169
242159	614107	27190	66537	633673	648197	379555	774039	458602	725622
627086	751224	440799	860409	607395	527497	558011	249609	100287	38723
806058	813895	570316	574710	215664	144054	581114	180323	758853	823236
701353	513682	64124	77592	971758	840671	918766	905435	572396	676969
819811	853922	152915	789122	94623	983737	591056	109581	604227	359693
221738	269769	338691	631797	952351	778604	689730	263089	423068	495099
365858	212563	665146	63343	610840	728874	298366	674974	661365	902218
360797	709479	145967	152952	841167	458361	68010	783922	25329	80455
9020	838689	647099	538274	754965	836710	999955	233884	82705	898613
616841	554578	416898	859904	126596	597406	662015	483500	43559	558228
55205	696863	544347	642345	599559	540973	674798	956867	562471	702046
123748	28169	239096	458614	794650	68204	45922	995353	359975	243851
608706	152881	537833	160715	557992	427010	117371	568597	906104	696020
741215	618329	718192	848370	863128	872374	362183	196389	457485	160002
619373	211544	394176	159998	547174	571718	185456	962996	729060	806788
367602	328238	431299	174384	529864	434343	733218	963541	493449	269517
489515	650399	180339	546402	835335	201482	480834	549641	24385	732910
185806	156109	397254	600118	591981	233054	752892	681274	783261	820402
719570	934916	975539	258558	983469	23797	875820	50270	409820	585761
577302	137875	203682	373884	97518	47259	570085	747248	232715	162829
21275	381783	225685	605101	12421	529700	357592	455285	224063	803790
159714	237002	456139	809301	978247	538329	397307	147879	372024	211133
31238	988714	835266	75023	826772	776744	165398	697249	140223	647845
778191	386386	517685	188213	51447	299428	358731	958933	809993	906147
100362	141116	454079	412156	935079	51307	240661	538684	364043	941207
655318	506584	506404	809838	286808	955649	427034	181487	656400	503009
442130	703177	505353	433239	464642	645194	597726	540065	302341	157337
712592	721172	899785	759685	661054	583405	424976	124635	715076	994379
820161	162249	713374	424917	740694	963876	14814	453490	43065	959371
424233	485540	654542	893049	989486	671326	355079	193835	12177	339178
146971	528732	657057	275650	330442	751966	927264	32115	725953	490117
866890	405632	837192	140592	957456	347244	854233	800925	458299	582041
983418	89318	196341	751919	466969	651244	611238	397826	907372	240995
317288	151206	135619	670014	457684	243975	404392	274776	189037	793735
708753	698036	517444	405179	871387	186171	485135	240751	304272	383970
500988	427357	786014	689636	366448	282604	9819	312757	63791	980919
613731	796897	396435	189975	757641	825603	697328	802227	309560	989851
820003	952799	726720	685111	734832	915577	73955	988240	535981	446360
456332	708335	622776	600427	117029	549073	662054	414019	93684	743168
727565	874793	100488	734833	455502	442200	148970	114665	81648	881886
89632	356578	897534	767633	716479	146687	885127	316957	157343	591040
725488	324140	301549	605526	147349	707533	60483	536655	705152	553580
363332	343342	791265	514506	195206	970723	59695	660487	831484	578933
2125	329776	600694	672514	810094	998114	634888	78231	265428	763113
76300	756580	501160	745998	305977	120423	93577	906257	147730	59032
441618	439467	453140	283811	742860	592730	274725	830462	57736	707229
665762	181704	473747	734083	750122	11078	938663	188081	454558	358367
124507	466698	845593	624183	258316	524609	185987	994594	380814	830954
317221	876300	299492	375194	65513	552608	655918	647818	486318	29250
170497	382280	563198	6168	382567	677432	153128	971562	570830	621232
607698	180828	824721	351807	339287	549666	301250	282444	472927	278277
544034	165993	808272	121934	877958	379014	102259	369569	791116	467774
938095	481183	350410	863965	314380	692347	716621	607441	190510	300797
587111	279385	45504	691025	353872	457559	386283	166604	249599	294257
127634	961909	491909	841345	208831	185835	173259	346629	776145	913109
266677	20831	162655	570929	152811	478145	942719	477072	386261	841475
922054	989220	104029	927654	186420	305591	748126	220189	446151	891809
311206	240503	903657	789978	494312	563649	939560	35168	310570	761929
463331	315296	857700	158814	270038	982564	242671	701763	176345	975441
437665	259591	71564	715014	802068	202120	379847	566917	762854	450470
910434	911408	682892	945181	429619	549552	109188	573713	751777	67606
901015	221359	457137	553765	363021	646292	637442	871667	324638	627499
914818	309225	385917	982477	527870	138286	318526	501373	144697	143660
6489	127739	443985	414350	876879	960968	351877	120886	211490	613117
81283	713607	935096	326773	910887	363063	904353	171353	79527	760188
363516	527998	56886	75538	111230	979603	728987	105807	994171	114721
816968	18198	461502	100748	238252	833928	842073	674626	109456	930806
394253	789625	720355	969380	698266	549597	924142	560461	152502	115538
482590	161757	578209	240579	33088	447686	555382	408866	693407	12572
853316	337240	135360	900886	616046	926872	723318	787927	845357	321287
253504	284556	362360	358986	428823	170731	424930	853579	164114	274424
651889	857071	308475	668317	299338	103765	902358	607593	452300	273858
922356	797012	374935	349620	843394	65454	171343	86688	60066	499200
892882	808944	192971	632374	75382	840887	220618	150434	244918	148870
642655	678855	138386	962388	765960	308519	878067	572590	192282	183467
982028	334409	487784	177792	538933	722717	120707	523669	265116	263803
839970	844902	803632	897193	339436	346255	498647	451686	413694	970118
507218	43584	392499	407796	561761	802877	789413	548280	531782	970544
217131	825723	589937	212661	648389	729761	391895	276297	146194	26020
973482	353761	394947	719815	742028	949177	727586	836327	954731	492542
829154	611184	688755	821334	482642	25542	807692	464316	544027	504482
658044	740449	247127	76336	950724	991890	322559	317845	713242	60977
924166	139746	546048	342133	459532	77034	374585	481958	255229	163406
844439	519528	533688	371706	95296	184586	184101	453748	875345	635854
194630	572364	638605	189702	738235	63795	23883	217006	648086	574554
844500	983283	624087	548662	340597	702186	809667	783485	793779	935205
255930	738788	554075	827562	847999	166265	814253	388370	917892	634764
637194	354122	722163	518056	900877	375998	282868	855065	1730	313255
413839	849109	454225	208967	58302	587906	399812	674870	856300	95928
191876	783739	809587	755980	732968	693761	818573	981424	294235	170344
621084	150193	675212	231517	723022	320143	552055	971945	248467	151432
171204	391424	257929	863771	501815	993295	770273	951270	711347	934243
762261	253854	143961	158943	510239	785424	527848	571832	308442	454230
778034	408090	113663	36652	794838	123332	196242	356180	911698	357641
733824	256001	854036	745383	42584	28014	578635	699632	148997	17415
12117	497445	365955	682880	600084	347476	672289	33690	875178	772617
820855	552326	284407	502099	105261	67418	439912	805047	722607	211421
954316	702086	640792	379444	55010	794263	944834	458730	595204	350120
123888	202786	173799	884715	180276	508694	291691	850535	824075	293885
994347	647351	863127	693645	783953	274456	743645	497962	26581	970838
530475	892721	122100	348602	601522	695245	439139	665132	903411	291638
525243	273596	157299	23261	891945	311178	945293	655142	684002	671510
914741	374086	346418	892615	609398	4070	386979	663718	256805	482826
532390	27473	559248	176798	443484	37219	47118	313541	829882	967342
366915	837497	128732	548112	925307	704583	130027	678436	160048	612695
656914	713094	8679	959003	491416	473117	41510	166734	611936	822458
295760	546140	758335	126341	919578	728515	727192	654253	918042	767196
810950	924248	113380	897703	356714	428010	178892	698329	987307	795180
776568	933978	186353	497682	814579	908450	522239	37734	215714	127213
486241	946386	970307	668226	40739	802909	544811	53278	139889	707721
687907	818432	400260	306009	475429	494898	903490	310339	642608	764012
605153	777115	926477	870259	260834	592347	547803	53648	419590	79140
863369	930399	801466	564836	922583	255147	350301	41474	673004	431904
434159	284368	710774	641855	353381	745873	926595	901413	833310	901980
476138	242366	936347	28177	605098	449157	434797	312611	757387	374012
100167	535620	280104	635271	342602	831470	259882	849476	989164	960718
307152	422128	461378	432690	551287	961218	423409	240337	984399	512265
884485	159544	95731	167009	867017	370671	607168	74947	237919	849687
641400	623864	940759	261125	94721	930297	689427	841316	540448	579257
350459	562991	619491	127338	635776	201745	716529	72484	34310	244433
704417	813607	938153	238556	700673	335901	183272	762251	306642	883460
113946	412063	563191	105960	40828	220877	691704	401488	35516	792669
189893	800551	312548	645939	959706	396214	865180	760293	175521	858759
836954	941525	820716	968889	126737	246603	157036	955964	945583	438889
534010	227909	3590	429894	27490	828869	164869	581346	416952	327368
764060	143799	394197	317762	209579	474504	223547	101868	87402	922727
983332	98341	951555	12018	480649	371139	241193	163843	857658	779418
963859	792069	870427	300159	340	472044	602421	382901	911844	630832
502303	459638	687504	279096	806197	749747	863277	790192	109435	167711
51103	56733	605889	741885	298636	570881	6019	29746	114758	545327
297029	113756	186297	483195	251565	976676	718303	417686	91563	200066
4583	238201	342246	662808	275558	862446	703245	785522	219293	187053
289819	68420	433732	239648	606788	859394	6088	653168	445258	803449
388723	867547	178726	676833	105016	941578	487802	704614	9050	237256
960632	110773	763898	445436	104296	582372	51537	327962	446602	709103
505571	74824	46476	562433	912585	781058	41505	721943	749034	89098
807712	747420	186468	910994	583205	2514	747331	599812	377403	106841
73549	474601	156781	83322	297861	461718	391559	284796	708946	838344
133732	989596	792390	988164	220418	163860	225043	769686	956286	667204
623975	446052	789604	103552	226558	963926	44703	573661	767371	756685
340373	947673	565716	816282	230684	717149	809199	569733	775052	125036
720662	268820	136771	847120	676963	157306	96184	504382	412006	345309
409768	344406	537272	672759	133307	178749	769463	342926	340291	764720
929493	241626	706822	2825	505064	949159	94095	818634	666973	540741
787219	232318	654889	86891	251767	238911	735854	286434	38663	302417
729830	588556	952492	803928	699227	824381	734680	104525	875956	514978
745390	742784	916105	423796	39195	279311	228586	706891	725589	233199
904653	262228	167256	813873	742844	225779	577877	812592	978759	276440
198899	120756	200157	949650	860843	724124	392036	986101	452325	60370
533845	814442	828675	437551	859581	553128	586215	932176	374196	369046
118326	960097	950556	814694	339946	80391	42760	352068	670753	993406
698594	771966	337843	798021	964102	415293	759968	855611	624328	653742
238412	853949	809196	600833	513555	317593	15258	638259	130519	719346
462954	676441	963929	874942	67416	235636	266183	24	359786	8170
645599	710194	430523	763096	505230	249359	949993	367520	933705	676154
744254	3082	305180	252110	268740	903211	306135	988778	49306	203090
574258	185769	901841	996109	804602	133956	699047	262682	887516	376273
72316	497718	613936	723438	768305	257576	303792	361574	86761	434566
230603	459346	475276	168424	885288	919890	699939	888040	52462	398959
550938	209693	356814	6764	315339	356176	526187	866307	8679	107856
245473	378837	735366	653010	872990	502093	20203	283160	97336	240685
561956	20157	939808	558760	218407	640543	143826	887807	604318	771130
568431	771231	403233	978827	339687	461935	453931	918473	457124	557705
194248	667744	91751	933903	709642	301696	338355	484891	471680	208474
874084	377925	189966	613838	993283	859493	524867	993838	567646	71815
459102	903935	791074	147912	186528	191451	916919	164188	294919	137814
303340	354198	387732	189795	19386	294571	159614	918652	501236	936577
470781	899124	576545	333563	29447	459615	718601	161463	282746	902430
580435	205980	413331	39877	591597	736820	346122	853877	814053	898943
71003	149446	372208	128886	449319	445987	209255	242226	534389	975759
562020	551156	285382	182470	854662	718078	725769	359364	206115	217263
989016	373348	950011	306400	113204	132522	213955	86128	747391	933962
302194	435883	849497	439316	981616	809797	376579	203348	619145	539635
648971	782684	68253	65057	557657	480487	723847	436678	909215	841257
400804	308780	949084	760733	81069	119081	808612	401790	931519	459738
611445	362551	912619	36916	148608	473885	400865	124897	368505	651099
425476	825104	700326	912642	837195	451978	276511	19575	643997	78976
284015	734800	575980	467455	888457	660076	184887	337872	41887	26629
465858	239060	494387	616680	773538	855452	406734	412162	789434	400468
844655	351644	599417	7801	924870	745183	597521	14964	416031	457089
209656	149891	232753	25441	572756	946462	165748	980882	292528	480345
758960	470470	60465	343408	461654	282365	547434	922383	879947	531834
927543	921739	739331	249213	609428	281685	521656	558126	576445	637011
884221	752064	456153	981348	319869	371266	87151	756805	74661	304644
798022	690116	899822	361728	999620	192257	863352	632334	241070	6592
36305	165645	361964	284107	194053	712556	238588	428443	723584	515718
695258	792294	179415	181402	134059	319145	346708	531385	216918	116360
563542	547561	609551	90385	605204	884512	621286	805558	410488	69334
448129	753779	491349	786470	998780	830077	80194	161197	767479	265488
476528	456079	532442	895842	233397	16073	450577	760829	99421	657384
795717	367688	201571	185983	645317	733652	32471	980892	874201	302487
217400	10532	413863	333057	102238	587145	549872	108914	207648	515038
487273	173227	113486	857475	498077	251733	357216	987791	880566	411811
443499	922090	615131	954258	681641	67194	559257	504927	975054	883512
418187	583718	922589	645110	980387	643815	520674	159391	783184	871704
801421	608331	27008	969040	593178	579401	120393	661519	127362	519105
181138	968094	55107	580592	610947	220741	222108	216665	654590	570242
226120	584202	9549	175599	727300	222587	743721	259214	184672	298601
72021	296578	223805	28323	433937	946892	284836	245986	464482	44677
910872	880766	607789	659997	813156	514450	589565	415884	729120	879722
518662	569238	362607	461459	109100	666992	568301	162674	515151	162641
752917	704767	371537	531891	142134	746955	138413	89872	369662	950519
763473	915722	85844	959216	964152	931292	841330	112896	6706	430149
381378	101553	813293	687822	979574	354916	822879	116602	427615	139772
722505	227429	919383	889625	676002	647330	714326	92953	374118	98249
19204	570920	663819	457145	468285	789536	43475	456112	180433	194438
688390	32868	546519	207940	341016	242422	339178	895341	878405	942976
958263	867514	469527	954171	948592	427697	71588	233211	115038	71435
806520	265320	701509	333149	784667	588842	984588	585955	874339	842924
15615	372826	602720	207939	473289	286188	716773	300010	932754	892590
678954	607300	483749	370719	48989	356197	521069	850331	623083	546503
519758	796792	60312	211406	648275	147782	622384	443333	640552	183268
793870	637396	717975	500966	845090	381713	3812	387690	352328	668679
375839	174803	829805	755714	627158	910968	686621	851282	631876	100871
341559	396366	541022	186802	616566	355341	476938	959558	212871	997524
429202	427879	934755	212140	248280	433265	559548	651187	124130	23664
966994	172509	280342	974453	750737	333171	32572	695408	306926	815751
359437	357250	270387	129431	30871	819612	300237	976534	763067	17226
777087	603630	303438	902484	277332	815535	233939	386144	973261	543264
549518	829652	699925	274303	281941	987322	346353	864461	408350	216835
807065	693778	253423	297491	212502	655933	682085	62666	727333	991314
49006	103664	301185	884459	557705	25570	993982	516854	928510	970926
329990	150049	617904	553733	778195	837891	820675	563994	191853	897691
312862	305015	619064	890500	148205	579928	278600	442950	628350	42087
56163	941061	118055	523515	195873	937951	93946	350661	565291	920787
296452	864888	909312	636843	349543	89029	690282	402270	680039	906788
400846	447107	185051	848135	571018	130015	381286	346758	809389	703789
435393	291853	303240	20960	291360	507963	265525	708388	138450	61211
490158	809005	229609	930264	905055	983965	520755	572274	956767	596920
755281	525721	341563	106784	402869	390462	986285	304785	902472	96832
386946	861794	742465	700117	950571	259446	100441	731258	722310	456164
364459	381979	854550	319920	771116	377174	157457	178335	581529	56229
154627	790456	906638	666634	540780	560354	639848	722583	92673	141696
20123	970839	51930	620702	758098	843381	752553	610545	711752	984575
646174	120440	633177	756763	90475	323028	311480	616249	824419	559644
322846	225719	544148	913006	716263	487830	952707	994976	681784	768867
597542	355055	684330	139909	739335	192784	529551	882830	509123	619609
315726	868609	846936	985720	496086	902797	597887	357704	604251	393167
318093	852762	789166	814055	419015	375433	386449	258240	538711	755947
814886	382188	510031	137193	268726	427786	151288	906991	399162	202709
624089	954577	387511	868050	529265	414985	6889	118693	378840	852590
363759	874738	245891	718925	854836	285942	293325	919048	135112	855552
974044	633561	879964	643628	423782	517796	939739	877199	94732	443916
551931	846341	123971	368353	632434	688472	636908	687973	146873	422517
486545	9107	208755	194416	456662	576012	919019	457112	140572	37422
820405	896123	431830	115080	761371	122770	740796	814834	846834	49032
343169	911870	979289	575420	863027	581646	183298	48377	160893	644931
964355	985516	146101	631937	995678	658398	242153	771084	941214	650393
908283	371904	347889	486042	780765	984995	386729	490690	191800	700216
658370	737155	122030	424536	864264	977410	668855	259920	264030	783300
483137	977620	692240	584355	305701	752945	121836	723857	761263	430831
699272	399246	668056	916	247242	121792	110012	583195	450715	741724
968850	330292	330660	5104	481629	93459	590388	490915	350314	190710
583245	97805	46690	150630	424356	173575	989320	348847	844956	232805
708481	805229	830848	115097	208550	348060	849926	659342	800465	465326
441370	417314	477296	274318	802982	547249	497833	561252	547975	273007
919930	899706	837318	155550	117257	908877	179014	157447	208172	41570
498682	60821	132359	431381	603901	299734	401399	756668	17701	231784
188236	599073	121560	108109	485288	640616	261405	828862	924354	779974
718065	272831	47593	800618	31535	232901	511382	70872	586390	257518
515060	972783	285417	821486	638359	29452	522950	827713	378506	406973
368584	459560	121692	290089	76153	155623	980037	332444	541903	565115
467376	851787	399296	921558	814195	923878	576357	561285	732799	573970
331247	743162	683577	498006	632770	705430	659870	239703	248636	354739
63712	404623	271383	390458	215182	274043	262667	462841	715107	33409
82813	610106	332655	616348	545619	552237	867669	531334	629577	495091
380826	999228	933934	511982	861608	2453	773870	645396	828509	2532
993920	129755	485420	135483	493870	757596	104744	351433	569801	53906
871525	82385	434353	455733	935375	517511	789140	89185	352828	259329
236109	542783	426109	623650	785699	15057	165646	875046	953453	303850
957390	676859	772196	642501	147757	978204	91406	461176	440367	294246
34156	465766	398583	220668	964656	984215	539517	601916	308800	804258
163189	99349	859298	214651	261577	258783	422695	300048	560428	648573
469305	749814	261107	608804	810173	766558	539307	608866	156263	947715
687691	23658	719720	622672	700209	778213	518520	688962	277571	785618
759724	256048	66444	915256	284549	528257	144483	521874	46889	181708
841920	281702	845399	600154	342992	934339	515357	407455	621375	376645
853175	397537	580762	683932	98446	130624	843060	70041	928920	998450
862799	860091	401186	195141	312174	662538	389254	730391	290244	716643
979562	602098	227775	735978	60480	604773	568748	590896	991407	794990
596678	738171	498884	157427	297510	302473	753451	757942	608450	64399
94271	201886	134734	988434	590924	863143	949251	202373	998786	316999
866267	989391	609959	746133	285914	832032	135895	315602	316795	766499
818637	476730	617549	769270	626300	168181	901453	400344	636276	839531
48595	79800	759565	33459	863225	284002	914950	271215	683770	514445
402265	234844	21227	353049	619736	65242	13123	218661	427752	860082
503894	245614	433172	890800	743186	113289	295722	958339	152731	123668
369166	539227	637971	154203	658085	237101	930250	257181	870892	814453
320055	139098	89908	553470	429886	931258	911659	984068	149319	118492
426989	738880	945920	975006	105262	563253	73620	944762	350631	555141
116761	34082	806360	576959	291913	328604	240778	471213	882687	375309
802450	443104	446535	684888	117288	774455	461048	544641	417597	830080
958656	358607	848186	393658	7686	876154	782989	735162	57894	983422
770148	722220	648168	279838	283045	893121	121193	694461	325842	408396
111890	387441	81472	405535	835556	10129	458393	681186	519568	343495
495086	844107	669774	595285	444409	888748	517673	153746	850447	27907
451680	556445	909354	999447	174268	812363	846327	2680	62726	874157
736030	909361	514496	698299	38033	572544	997937	48150	21030	675685
468705	83947	287588	260661	762670	72674	890814	959296	70828	314584
528211	354547	601684	858266	442627	691915	238132	688603	555965	902192
820337	140023	823378	784116	867248	712869	967267	425012	277632	587685
595507	366339	939209	352040	413270	400697	389451	394541	345273	553558
809983	702789	833124	648291	600087	498650	980258	628317	843548	297890
892651	970607	247399	590784	77448	886676	377575	517996	19611	408504
312457	177573	408687	121896	956253	597098	820604	411298	626579	584570
838156	774651	25194	959944	285169	923315	419331	4245	275420	648272
241995	48971	496530	32676	718373	569316	16658	793883	429357	224922
727904	193643	199243	613416	185077	953463	378105	503813	666872	328878
173362	562336	284244	384478	459686	433784	245027	866794	619327	840844
762648	546667	739348	157121	725278	567295	156477	448862	228135	532594
63124	147116	187834	366754	617517	943869	6501	859828	366699	869563
270790	116192	714106	820579	835150	915804	833536	833314	935190	242975
493451	647582	68680	901592	872534	143537	520920	922996	591946	499169
970306	268207	781504	374853	247219	12823	99142	13751	447878	925023
413334	364084	30178	450280	233599	545066	986886	982187	577596	521628
862289	694461	361536	163703	843876	863829	849663	577176	509455	74558
49977	317528	911329	292467	234233	858082	816899	763253	765248	848306
553363	954995	630521	172158	556171	217546	676859	393108	655475	313995
185326	119864	975425	807127	568630	54078	373321	918712	978864	341565
409417	884564	840107	574942	207111	730842	514037	505323	628498	693338
508552	521199	219242	596674	694565	300369	487056	183700	220241	29437
845082	709731	358308	336116	274615	496860	990379	356847	48141	622738
611403	118647	924277	745126	459423	727720	977001	185814	792627	473025
967555	337587	904578	460425	578363	687423	425147	111186	526378	584840
194638	228994	976903	513542	220862	37360	36506	705448	712386	873128
855752	111231	190803	177818	726067	470271	279943	24499	422198	166597
131844	833297	512219	312798	274612	616204	639010	562763	861813	316647
433253	58390	802750	255537	545227	705527	321208	434959	848735	149050
603821	794438	895803	470034	780364	941075	540299	453639	832840	943383
326159	452939	539304	978173	294421	846063	616554	612188	972437	429695
887935	706754	750344	885025	171011	32460	67278	277091	392928	478873
751790	207038	73081	434949	819888	389881	554233	6669	277608	929338
321233	217708	543840	117475	242717	247925	475898	865772	957106	952270
972979	642903	691377	374682	454879	200242	834560	840445	22991	866787
376272	593862	350568	197059	861896	958347	44584	648802	189921	76976
231659	841076	592670	36141	829404	881203	945479	666091	492	689612
887712	758422	623018	367972	536173	474617	486668	279166	976105	585175
926838	545614	862239	694274	189048	174595	236956	712607	436263	663172
330812	59199	167013	734574	271328	905752	244584	303513	450462	339458
471383	51921	432628	96604	5789	98327	645335	617661	703150	216848
205501	429431	296144	859113	455199	859558	968969	116234	966519	685785
884572	582811	234194	319817	925412	780778	743911	820610	97545	987110
396082	718509	116259	403613	974152	23224	496357	707992	663009	69599
678545	642730	753654	769955	653860	722652	656967	306420	884141	5369
629223	638541	289756	39198	184398	278559	438962	164351	285278	747144
278175	361906	637575	397115	841300	841385	487774	925893	648098	636542
650941	860341	213786	660881	387191	609104	413521	597297	23357	71688
169537	774271	925933	572149	980753	203768	347490	918295	664770	619750
42266	391493	480327	338451	348392	672066	280244	235147	674552	50950
873694	876897	322394	682090	516509	818983	532944	430446	564311	749708
279020	660129	638621	104501	139013	249103	42879	432679	196063	824447
692407	656160	410494	72690	317156	723850	944071	45199	53696	81891
660542	28768	759099	101558	257741	57174	551623	910623	170783	187570
297083	30903	77927	946070	174754	917085	71361	93158	942984	822489
698164	350375	588519	597009	51853	238108	496866	255823	143754	966529
821275	874344	374054	496282	729261	532749	641690	526958	161325	349181
623699	190202	991878	481338	523862	115383	798076	954512	757195	865307
830894	301714	51486	833594	265377	668210	958790	279200	85778	72109
581731	58608	693455	791957	891267	81122	469833	548641	21914	519791
524077	874456	134147	260183	907587	79206	140105	329541	371090	185670
450043	589745	979059	439833	381265	494804	183704	50370	741221	607308
248674	567817	140199	585492	92487	287640	936954	97825	762861	496207
657028	236916	413122	422368	184546	211586	836865	155997	743185	561243
920738	425913	791454	25636	527368	958245	682689	908920	571024	950273
857375	185243	187290	428801	937823	962583	872505	314670	156682	448433
46943	688386	382101	975274	257019	367070	589722	634725	721521	570653
17951	307542	774864	38698	484562	556520	919338	357982	84308	4636
953336	754467	862775	367755	173242	792704	982976	698004	252583	864981
321759	187794	256472	623843	418740	101022	401482	756860	573305	673032
264709	588790	231567	699279	668158	269878	31795	519233	264957	145282
652644	432746	387237	968652	417908	643339	137008	246839	992287	544065
23138	34083	260644	446463	199199	994908	545077	450087	987964	439748
986563	374953	497471	382061	699501	753885	712437	460094	496361	282720
484571	621044	349599	511448	23607	77133	635893	509546	424559	899056
524180	88447	788906	629207	522040	293408	942556	634171	789038	830564
872780	126519	829371	387649	868566	153308	162606	327339	564411	992059
289966	596595	906964	545963	745808	990522	698662	288793	883876	178884
309050	464044	187425	866898	805197	973504	916547	736523	789971	601975
551156	237814	189378	332567	401585	797241	143055	448646	451796	632115
734521	391477	94392	285451	673564	919956	232979	492561	422522	115875
732598	938654	6228	594783	681442	606914	382668	677473	502736	380228
722031	214560	404814	820867	722689	75556	127524	302169	497981	373293
520510	351486	269467	961569	354243	866286	230377	240899	678347	244544
745749	596338	523457	855507	402365	510144	647855	898152	713830	713200
792431	64209	68754	379585	991233	83755	417392	852530	298767	144819
36824	863220	772978	709018	662842	147471	378263	510815	389076	363980
20934	547414	842040	70735	826397	461124	502222	934390	479564	38898
880842	933301	487822	797009	23363	141541	247417	470983	14996	995086
966522	722104	279732	366327	732852	602	449899	565859	197920	550140
557214	382662	159199	734266	250617	280915	381091	938686	773921	172272
654890	658268	591969	397805	866002	291657	712532	215179	265916	48705
586060	759988	684369	762413	957012	696146	573704	770987	13459	43183
146094	250642	615139	605657	273162	895350	507031	481097	774322	953921
371248	327885	166841	756021	852702	126427	775834	618490	854421	643068
715934	61109	424416	275436	833511	208110	815260	234689	344433	861694
261759	367887	181780	840452	821065	678942	778722	926708	683844	24744
96087	143173	136102	735116	123107	552581	260406	428669	339189	324394
873595	480409	156742	31719	480210	10168	528439	632332	435927	775485
63852	499507	417284	770737	679911	644644	886290	328281	360419	323164
11368	506728	295990	809514	161867	169124	263532	155455	500576	379870
724830	4129	559297	512208	427812	685299	282954	180116	910099	344403
915050	999339	536279	70671	861481	296406	323900	870783	912279	293648
773285	923401	527391	326136	925986	93697	210148	235295	654117	383796
17148	436534	166902	302047	735215	793639	607114	107310	266656	660341
481232	643651	734251	321280	675036	65912	310143	467677	190689	654620
618478	451179	991519	209805	302198	852068	246026	789953	235127	223409
563236	907105	712281	916736	989833	848914	579801	379419	52009	635029
358918	330512	158497	272205	657036	285860	930104	571796	76713	662428
624941	532664	484046	323984	351347	56948	305700	44206	721920	970594
871891	294734	125990	92573	335120	587539	105726	740077	168812	692125
259938	429438	235874	708580	588149	904792	255459	318327	976084	158115
407626	668942	745443	476406	869570	43288	896365	460373	860824	49907
585236	213715	179966	436429	385413	717952	835195	8651	417254	183129
445287	527550	191128	350786	305826	474918	383603	732949	651450	593341
67883	314610	207340	552528	792806	493368	315032	372343	846604	187196
754727	846409	567701	112053	211826	305746	634643	112041	48459	668462
504857	344763	10773	155073	446222	70498	433789	630342	246469	712352
19907	478237	332180	776170	226891	867612	181733	14303	402689	969447
666355	802230	231562	469168	506638	874622	912116	683526	507514	832618
478615	118501	792272	36975	867585	104796	580289	84695	766857	129336
815677	185029	71086	77030	23538	666404	666379	940067	414362	479071
906075	301283	596766	359020	756205	124185	844320	359369	172495	467893
770667	844375	812672	221047	173163	309379	437357	131287	144550	103934
651422	969359	612359	779913	290612	770152	44256	507568	298648	105811
363646	630951	136301	323599	882976	231358	51079	321455	385253	619336
976137	978819	264805	750364	957379	63220	745149	169129	880509	182604
797901	65544	261520	454455	409758	415046	837105	392363	318284	984684
308939	928288	131852	930938	264138	84984	995348	185013	803077	318705
84082	12701	699393	557271	811357	462996	382459	435022	927406	819731
496188	475134	832971	963736	583297	620675	927225	916932	599226	689684
691364	857197	573769	6372	854773	508013	194023	17175	793975	92788
753672	68977	876262	600077	88513	272803	535034	898030	750555	155456
973660	501434	291446	34915	410528	154202	525021	73899	143874	309397
577871	209039	940116	614548	724290	613534	175916	981795	563447	466014
985331	159886	870683	414108	503162	980201	711166	363251	557325	374753
377668	416528	319587	602454	610032	662700	491862	701850	2981	10550
871196	564609	241993	893239	607730	875280	375624	599366	322088	80091
210168	39210	65822	837066	289215	196227	373114	40284	123256	34038
862214	582194	940185	817653	258389	472474	9647	121175	384013	483025
924998	22406	837022	499713	820233	310752	874399	452961	285981	119249
869331	471524	314375	769047	709004	939107	827286	346736	878220	229930
668286	857964	404109	438365	564449	532822	739874	318913	539344	386447
816154	724089	654963	845980	872682	862225	830850	276017	603782	696126
567510	395162	393639	931840	323285	398326	748747	230461	795815	865946
648080	630880	309451	16815	725610	62702	450321	891382	7478	669709
173053	489324	217257	242367	169067	74292	724288	228921	963285	298265
448906	838057	160308	742295	965741	194497	733648	727561	992164	900572
550540	275053	875250	653230	955917	934377	556614	864809	528028	217690
253307	236466	318842	272100	268123	782384	594133	541849	865296	805955
971826	785962	514308	497481	220340	797077	648385	102545	394356	825399
747187	847989	528824	515566	284638	702906	828739	566364	88744	922160
770287	581117	888988	591757	996204	664896	293136	159834	148045	42083
4177	381950	237063	607847	152301	770026	837524	713269	798856	415511
822014	974665	965147	144123	254245	108555	438520	711180	142585	647390
178240	781223	71237	970613	457823	809981	975658	843533	4995	79211
249404	834280	947206	984802	438397	131548	805418	655110	143174	161515
580999	898292	45604	117841	151528	701494	407047	726438	545974	105297
910763	391419	265353	325835	49759	974144	249572	741216	141453	940422
814712	99818	909937	978756	952168	548077	10811	760301	979751	777245
943487	739672	517655	244745	958658	374083	342075	851078	173422	180419
997881	755384	216022	559682	403646	314510	571568	300260	107388	901541
809675	327862	498784	90454	222406	53405	217131	263270	74583	31904
74827	984464	348644	512853	359883	341247	973436	460256	826957	875149
846559	272301	122619	302809	985477	40584	259879	9436	593479	823723
388884	43325	423312	77831	731122	865499	293785	53056	447801	94221
199040	307609	406105	876658	834530	442354	628857	398678	12189	959314
233521	807903	101096	721071	961114	190380	195863	986996	901376	229683
649488	689433	621753	846751	265446	296987	595993	915579	247681	641331
630471	956170	788771	118468	520974	869701	293916	472213	27867	90336
164092	819742	740616	343883	191596	621023	849897	426522	128751	113162
421744	89195	612609	280227	805111	857841	145983	467387	753613	306375
970235	818806	202959	549502	371452	883682	962381	42288	3080	78569
494581	426800	158196	842144	69692	841667	791804	738212	503159	972444
713659	674618	511150	668499	393315	944664	291676	990391	604713	55611
314107	145714	344122	520113	413411	332072	775695	162367	697636	113650
914560	753123	706255	163325	431554	716767	324075	335416	424922	904922
437123	71406	935102	980223	500361	333127	214937	876042	874884	319859
261004	147976	31761	693151	34306	46121	203611	601528	224447	871000
401052	480475	620662	394167	995055	643763	701413	150505	540729	133006
781504	426548	568633	706964	547882	502535	713674	192264	235710	631914
435594	701999	70221	143036	1545	559095	955508	537562	809060	876698
872444	991062	459765	278280	487415	328398	50102	675988	666739	429341
588995	386033	778584	473305	346149	969112	532714	506402	617330	149547
214778	635669	178755	674035	615075	828945	609673	282564	778958	262185
969263	379604	602809	439933	896187	790309	730470	661911	542646	383656
976520	732555	658929	565434	693232	689340	867869	867152	25012	479831
416209	995539	151	550072	556229	767683	572856	466521	557104	66535
231802	200499	876451	362518	679998	463457	661783	133829	255542	739814
133167	650252	731287	457286	238456	225678	93470	19038	870934	728745
378180	920975	148769	183627	3976	35738	839287	363537	526811	438014
954931	814170	301578	692208	357801	91824	323944	477501	978712	544160
939571	510165	632163	688	347388	639649	163202	535542	535725	26432
785573	988329	530804	523162	608596	839451	757811	441585	856438	952411
528062	886905	816510	20764	302754	484404	156985	429341	657565	384326
314123	730515	73533	329542	397758	239249	674061	84273	999010	172905
429148	444175	608466	309531	970622	881189	281249	197649	836975	624098
110413	177304	835569	8810	477385	97756	681179	576954	786989	894224
44576	534164	507158	356903	10846	121105	484707	281108	191319	980762
609595	89903	846426	143290	983301	101028	38551	635246	86792	514630
623340	908215	578707	453029	992267	792689	728978	75573	252496	797422
863324	441787	404487	190330	227794	505529	893300	431196	302700	124856
820579	970142	476294	852062	724	163146	518074	797118	544491	455358
194773	773047	924748	89819	612547	778110	130307	270615	669787	473653
727839	977064	535698	814974	483933	307021	670848	575690	910659	451114
560325	974434	743516	216814	314954	54991	412452	550545	102274	224315
848777	54229	970156	374379	380521	501625	628436	65457	952883	667043
914468	518783	58195	256732	52608	287989	701660	215307	184314	916026
503207	396066	824633	485699	270729	474893	596643	931286	10724	342798
897435	685356	164454	95	919079	450714	594578	622381	346959	638158
716373	157563	96953	430769	1265	196948	455024	302961	569364	671901
267158	256545	55531	980169	134272	899446	161293	82588	534353	614391
487739	600877	572077	103891	943864	704883	741718	494495	212538	698449
633651	672050	918906	103986	926321	546333	852917	274415	642230	847498
364537	172723	437098	365504	387325	675776	393635	405960	736777	466580
906042	999199	801551	528334	262693	684425	589234	328763	881748	684375
755538	253664	526423	911812	458227	566814	516879	271655	200819	28968
496999	919303	513851	51394	995248	60031	809841	703014	45670	951730
866112	778664	522906	57791	7380	129364	889139	537401	729552	345621
807989	731299	584931	828047	798845	886368	455804	970605	569500	455175
502109	664476	739896	82674	680139	231952	505993	662403	151096	19880
323855	745038	91731	983644	523805	223381	268745	563518	861830	202709
504664	392541	573218	882830	357989	340917	747698	160519	718061	949058
941158	932420	556535	528051	488310	168102	485152	45281	595072	172685
550332	470818	222723	272839	772347	488397	633863	1296	252685	929274
652338	937287	45364	536051	431341	556874	933174	496502	800943	832158
556292	198052	206259	376905	785789	668733	442780	29082	86362	30578
613712	955623	83480	725096	297429	180813	512548	191866	348746	453601
224586	150325	794981	752863	996156	269092	512234	802249	774446	561138
647775	942915	946970	819096	925310	936274	942596	204763	493964	838704
457603	343957	289139	621202	238721	402787	450710	831668	795910	326642
317662	982444	390447	980101	695720	442435	157770	378166	128038	758001
515767	787150	547168	353609	896063	273063	88846	573326	171006	352739
549143	960337	173147	421558	531031	87135	525941	654712	813933	953296
696002	908825	397278	728282	957318	899345	823900	751775	9812	688804
788244	920413	528117	978862	617230	712833	678351	546718	621606	459843
464649	522095	523488	3155	147252	754692	371162	928309	488465	673474
716525	451750	984082	882347	497204	967463	591872	277188	57125	891303
44062	768744	467025	342062	495317	304132	238435	530385	429433	828578
860699	839539	701415	933367	828661	131328	492404	212263	75071	120254
788080	480075	120412	346813	866495	772048	105621	618339	219960	780569
844727	970999	848450	324572	787906	10865	958178	981244	458050	237849
519305	353192	184512	990382	39717	151311	988202	704624	799545	888180
183652	833192	388869	724817	195913	611727	460692	97807	127581	473581
628442	974991	795435	541579	272384	321717	367064	533100	181474	352366
72174	445239	353133	313727	255738	925749	726293	504922	631758	932328
467377	123968	86487	94048	262168	799167	348364	155198	653574	855028
875421	405487	388715	573123	751385	434635	275747	557492	241078	846077
446348	379379	19133	674939	333408	724479	281826	188348	571366	104161
201062	925833	162735	693384	167173	917018	847322	192971	762825	386197
599221	218473	806584	52834	518549	424933	899738	438868	887583	525844
91597	510215	145296	624607	443435	317673	143450	742596	766949	486261
227746	317775	913662	236764	557093	838461	607603	301779	284227	369378
692641	275528	592831	447322	212151	905675	684148	400612	209129	766909
952072	39097	437238	568964	422721	55767	304894	262456	508113	227677
949090	478806	748843	23086	777885	373725	475120	642989	565618	668404
56196	223654	489592	81223	46184	876620	26900	653571	274561	711627
261524	343467	544103	999963	376428	819158	288656	57691	354191	531011
580817	63569	5055	980774	929420	450451	391573	231851	269800	654310
223129	335797	924623	321190	529775	731858	903753	373268	500396	13431
951993	397556	88097	396217	535565	68194	107431	893789	924289	375227
773382	747000	902544	455748	690560	962657	251269	112727	814549	664644
272097	8852	546085	201597	456914	236529	733532	700481	361677	807684
642371	114885	910506	471783	217969	953665	845564	415906	417935	708023
924271	691790	572609	193920	633429	30443	444011	832298	195377	241951
422204	743592	766279	277716	290882	905637	307175	181381	359544	639087
685850	532073	866224	498088	831569	216412	50004	859451	379588	259986
46593	480165	929738	316706	908174	112713	294052	291703	925375	416059
555721	987268	145751	249299	515967	823810	919054	241225	704465	9993
848412	960009	988841	647860	826388	58672	116066	625097	299290	784555
636474	34775	311845	26241	341811	270203	54954	981494	745985	429395
640000	1367	73619	15083	771404	776082	184987	611987	203421	437696
561677	742851	665040	19686	158400	284416	802408	390979	743997	227785
774918	391337	71507	943911	115203	565421	146252	504743	982988	444207
736493	720578	246588	805027	731916	296552	219689	367632	908474	763601
410015	163836	193397	606206	635471	198903	902376	147214	903549	526463
403786	908869	835472	808784	190534	716197	536204	439496	949238	554253
701011	42152	80476	717914	426120	939373	163402	718006	4067	420241
986320	558877	114787	118140	271078	996886	782045	273786	894210	70420
765934	165613	220447	114769	463292	488270	335787	518627	315401	197261
821643	650207	210041	144145	418552	211523	163920	315817	470522	720166
902449	303472	3954	387854	349667	725311	292714	819381	74722	841961
353475	870493	540049	483960	303170	637489	354653	487083	419919	132856
476144	197551	585133	926374	797054	884044	40402	642054	331831	345050
21737	754045	213093	81493	903455	199282	395956	219778	769194	789260
663723	197951	931152	794767	914627	451319	618848	929329	218905	245788
913	529998	413046	90196	863627	884507	191620	81680	155631	998531
749263	254175	392512	7803	992093	684000	698618	891440	80452	917721
493389	524286	690026	912365	324266	739161	373673	137154	778801	149922
881278	781616	909096	603168	387779	671134	664770	711967	161872	357285
299283	925285	696772	844411	690949	686161	243133	138692	422723	935474
461082	342706	336577	968081	801912	765403	751787	327057	391810	56401
656284	143108	870940	797227	990464	197750	619204	745093	912613	961430
259899	524389	897525	811587	617495	541696	916474	958858	278255	770688
141750	45311	882803	34297	741043	186384	242752	307156	292517	400887
594499	803874	31756	216860	567118	518811	948041	925659	453280	755938
29441	963789	589435	172167	118521	585492	373891	620656	496537	537493
25805	313039	797605	936536	112634	540062	158011	449333	509516	582775
322726	719676	589606	421215	49592	912528	425100	438657	805452	894494
151547	457696	955521	502723	104060	320186	466568	782134	701639	994725
508995	827323	448319	360516	742559	889270	339193	717783	759922	990124
189386	118021	273182	23902	255784	20388	917525	399515	297702	372507
598708	658396	220737	792196	618366	881349	816423	748072	796770	297645
159690	56760	290887	683144	554917	218112	373073	994269	818833	909025
604360	731873	927656	773069	267513	84115	348119	270258	637817	176520
279537	117593	507372	653637	993198	884025	119545	377183	267497	334051
883484	189842	200560	970765	620224	60162	100106	779775	688640	737930
750433	814276	653880	405731	199833	803948	286685	682158	576723	59899
327094	228883	178765	387362	679495	353368	733218	252072	245413	732007
71743	527405	598807	324430	364886	500298	63320	258479	624124	21617
876625	683722	988320	227155	455148	855963	10621	517056	390933	329023
111165	386995	447761	21760	146446	462460	169163	914876	899238	930438
522473	613646	27945	88852	558317	224437	896171	404954	271907	550668
962246	505231	552828	923119	587861	216883	561414	636521	9396	599490
993217	834773	352373	256076	214418	520452	909696	200045	966419	909325
19495	621184	118817	794156	601059	581753	714664	656690	361894	816905
616469	510802	384754	31762	732454	269860	842020	525130	439863	150979
886202	171235	145691	151640	397917	915628	113291	248487	874063	767595
396782	553839	879024	447462	809019	305392	681863	330786	92331	226599
916547	53297	312244	199023	148036	83980	922587	141265	817865	289939
963773	677507	501831	494519	804697	897927	970443	436829	745185	781450
585323	136131	949827	211765	433859	131110	274953	65683	673923	299864
331304	535564	759729	183565	462728	159272	99923	958488	419806	223904
197500	783040	656667	905352	173349	251079	592605	81485	363922	649185
417316	794231	732815	928055	531062	254643	34641	453770	832797	165357
699133	21136	487626	563983	965887	170751	19160	272497	784095	148565
294089	602955	726572	655984	21790	291943	654959	253728	294510	329041
41883	28728	585913	240783	750612	270726	873011	725040	321126	614312
473249	976898	421209	633385	471236	48087	970828	135546	557520	770281
851781	691659	261038	461166	792522	266555	761819	183915	793107	796600
836441	578138	119610	851951	830305	873910	315620	266007	604049	610280
209367	86426	301928	175994	902425	943088	915545	60978	996183	561419
781027	674334	525877	36853	541785	800980	169873	922825	62271	649788
275980	519492	660803	707835	142656	87826	743265	688360	391490	663980
756123	978852	358339	319760	102690	607623	785454	263991	751771	531405
602943	147352	879600	879372	337451	987666	354002	318251	728202	718350
35174	52476	884050	269936	593747	906817	440949	183241	165066	600641
436239	62796	860582	874476	649551	784166	641239	951355	552790	128582
171351	201768	791392	737440	853482	867761	840323	728736	660380	948045
833325	126546	576175	773466	143864	163884	778284	635597	200788	617733
111192	976233	845100	864865	924729	595883	45097	358768	713452	193407
806924	565923	793320	857139	270626	687938	566901	376730	997889	59459
506646	470212	706017	603071	177576	882555	293125	764323	886650	629014
915490	844022	832940	275656	568095	388241	639825	321100	929870	698658
236715	366166	509503	751780	165792	956731	18225	934417	165290	868998
860323	801004	948332	711270	904730	695996	745331	857850	344812	337188
698253	326430	456537	964745	147762	766905	315781	439029	780111	504595
957234	563034	716105	327615	287237	459049	807524	643293	983661	250475
81274	796236	962814	724753	602224	108294	175128	568854	61905	46122
282427	364598	332393	541411	950862	121947	107578	903594	784199	152653
604949	836544	927233	588676	816640	247032	385975	589336	144099	410766
786427	100703	364922	586981	994032	589374	153549	560994	437169	282441
957975	22530	889674	944045	14114	765859	285428	672768	252491	937846
60349	642919	686284	359226	692589	755206	389388	626860	78512	771854
13215	454276	227161	844711	915425	876883	541973	861464	223947	653459
940636	878087	33455	429012	904851	748880	462480	569962	241197	531558
54661	662839	884482	729340	599014	68176	121936	48541	357205	860170
430670	859443	108223	710772	378140	937272	264198	423902	681860	831452
883348	705415	745705	179958	254980	683216	808373	45273	908414	210000
909548	826846	124404	771431	846655	886102	279425	63144	923592	705681
608218	914692	148354	503145	11015	570332	382397	807496	674352	948044
960813	895213	570523	784675	72432	765647	593939	893416	258243	531164
79874	475666	14546	151151	304234	727946	223942	97594	877071	900979
287036	3582	928604	759002	137926	382124	706995	678468	572767	600243
639818	783968	48608	680734	804464	507510	932916	370926	288893	367741
365097	250623	64692	938743	364873	638217	225319	487558	902826	590311
124436	521893	714108	277760	807571	583152	651019	235792	107358	571219
87512	562188	733806	878377	391332	148166	796981	840096	852562	379671
652324	427255	422681	488624	161752	244445	615149	196010	830394	825548
557756	30807	371696	334126	869627	48832	152938	635938	76447	900200
245816	2672	194739	85606	571561	277930	228499	139974	81602	235171
850000	537178	667013	785916	289715	313912	302116	684761	750566	736469
575425	249080	700023	581676	655809	846351	988734	343807	756792	406529
300722	363028	915319	987575	421262	354697	935409	419851	388530	200760
362400	594336	634542	481300	961293	262297	579614	251622	970542	359138
538704	443033	983758	520151	105539	220797	917810	726309	737543	939626
745193	4256	232605	464609	380210	28591	911492	250363	821563	555250
679358	319037	966051	965603	521411	418362	321629	114526	568042	383615
670770	736886	966172	149701	931369	245228	243012	967652	423656	160494
951324	141856	264561	797205	874665	865933	682464	428476	380915	86459
923894	859559	151506	834904	25648	976876	986665	773234	24342	935809
257431	333821	531853	342057	886691	71457	676170	919533	715088	575224
149287	669936	229153	705816	627970	859580	958809	929132	495709	89570
299067	23385	197510	448353	277751	577772	760322	857230	822025	564953
345225	299767	542506	556168	520764	992498	816412	865475	990836	764077
172388	87186	497631	885385	928189	928086	948408	410480	254812	919885
214449	150213	742149	760971	307565	148894	867229	489154	761055	376633
326860	244559	107109	177098	304049	535713	503739	548979	151564	24354
527130	288405	50333	921655	172403	741642	726414	908941	8171	685003
455191	493929	2236	11247	932775	931558	64641	956679	88446	72261
195508	556156	631139	972982	782344	185191	827584	731100	685836	528617
581548	255919	157276	600916	567148	54344	757664	370244	155272	575903
560628	823600	68644	138905	95941	552205	371781	603966	480147	114441
684796	373400	601232	332064	8987	96826	701953	131944	147961	872975
938006	702324	591294	517090	684092	948005	209270	724243	997370	818424
878252	806101	744468	358582	496695	237084	977958	24938	51999	853927
837472	993638	781370	398606	70401	220538	726057	197179	88664	744015
188368	120590	569159	5548	809165	11933	922874	889544	787589	673473
784745	622621	433758	198504	623697	973625	521069	569351	167644	82301
278213	142353	822091	299286	689214	324631	290795	197338	860440	876570
9331	255193	192118	391330	16997	896565	75275	495773	235017	195619
346240	649480	474058	847520	495814	494966	278027	83568	706587	232788
624023	966552	615244	710529	203631	229846	287123	659482	104288	343573
303632	802997	284942	181315	10045	146123	617894	556427	73885	196435
533147	958092	326141	939700	958992	689217	145210	891681	320325	93244
869659	627722	160838	470081	182589	919316	191389	59834	991837	985338
368743	206394	458042	676119	865180	607612	311179	934543	679751	804241
277647	618660	208971	281320	502479	687519	124056	123368	180456	996865
726931	453431	541597	669713	465569	837080	587170	444194	679815	731339
798917	169230	303771	997834	138037	901508	265849	45524	21337	225107
501283	907728	674043	554912	284885	880478	498462	691023	528974	160590
272032	305286	518355	22883	633554	372307	519356	274907	395099	423426
89000	839352	384531	383002	473614	564663	212955	304950	480244	732862
760835	271636	482032	983623	10017	541020	821018	609549	874787	727133
179390	840516	924754	293779	106345	588544	844344	757764	594173	152723
971921	16209	733299	48030	936940	249982	653652	585961	505441	952696
567730	583847	41827	448862	820974	629665	893371	411250	695010	897984
793133	722399	908177	428401	824916	606903	977713	936944	19148	429624
868433	565588	132138	544981	193920	921901	951749	105738	919922	381044
215624	532967	558611	146737	677216	104091	667677	412746	185773	501854
487709	949033	643206	165509	50191	475601	330881	463204	328637	333337
902471	39661	838050	729201	862058	961508	440487	619743	737481	226741
722842	665826	407037	504373	400431	993990	673641	196272	317640	427016
184194	767521	251820	93440	952935	521031	898683	561901	69149	193432
210523	746149	653763	756109	305478	335865	589548	164329	583730	690275
617262	553156	110977	195758	947878	814172	654635	426882	183152	208731
795246	640448	410737	214414	651832	555635	245000	881042	292246	586422
602073	418907	651949	965577	1272	791742	537445	370431	526066	17699
64661	799448	551770	711376	677902	824756	796013	957549	436185	416761
646717	274755	104544	519293	926762	586552	211211	982726	254338	429335
246373	737780	107573	713395	388374	650895	447954	823738	69965	683563
887315	592347	34792	500387	527303	475211	849627	598881	434366	261561
383064	208350	621551	24888	682710	138777	670250	950892	559978	701959
213970	259990	42056	350629	161173	751574	865602	916175	386808	141972
452370	566563	695173	814734	851352	701997	63732	587115	745226	529865
680725	709750	27466	500209	648127	178625	790612	451047	645400	512171
506409	35248	191755	934746	953089	217660	523846	359081	5845	182646
226012	996045	956253	325216	267847	213816	110564	754634	599338	321723
996965	309248	783991	112156	807650	596445	289598	630326	548281	459722