139166	310008	99084	17080	892481	850950	783591
695882	885430	388813	222	134970	87247	167400
665382	485225	223011	138614	421223	941036	772712
317037	874666	365256	568973	914948	755448	518367
949015	105380	56192	325692	695110	43232	721811
83934	114719	125815	472589	173146	401711	751905
711085	467111	561385	812846	281489	19952	543046
794278	506627	994476	167713	456479	991069	340706
59665	768173	644986	99407	398044	630311	376106
195230	546174	924297	135033	6076	418378	746350
882278	340952	124888	141457	272410	727397	108873
277106	198285	684901	230416	537444	635925	253558
57507	823884	485817	49386	679021	293594	291672
963122	175472	434729	903589	859708	2739	99235
336076	939649	349079	405674	427025	758018	601376
317648	348472	796913	143623	773017	518327	665031
569142	787053	938104	427755	793770	728898	828241
528337	881497	379948	430647	745656	495892	657624
921929	220384	850657	210031	367306	32716	438035
669021	218459	876089	330142	520987	366536	164706
110752	357200	88104	112498	207009	459227	953030
552621	305615	879041	211847	215067	112052	726192
976925	704022	612661	379328	929203	596145	661328
582378	152534	886545	156893	618948	956636	573165
430459	957707	457457	641678	928490	746157	665226
477111	503302	813449	803110	372387	33173	383872
986875	783214	281883	860126	662319	997771	539306
455331	978534	701320	129504	568131	462381	209830
27219	198920	352232	549926	794714	136457	648670
908572	983393	934922	960860	94784	468393	193810
335672	912339	598123	373131	908697	524356	958065
325103	359075	642719	337020	146838	682820	904990
236604	99681	423312	918548	475135	457936	957394
660885	379701	644799	168001	534347	675272	296635
25116	190823	300063	514193	343949	518416	318846
552603	59356	156095	523409	500159	76868	491395
690841	527621	688724	77179	348422	822384	413164
149117	665398	367743	558055	777301	32885	180313
977453	2569	777614	524110	556403	460774	435420
449663	432221	585834	410901	703581	197584	388817
170720	293436	20721	815193	148479	920508	383729
375846	469952	639921	158729	303014	253674	458502
202422	806433	834723	625217	409769	302791	917497
988175	717405	50624	350431	836065	759569	728081
326200	919987	641909	405177	900345	198905	11187
36008	556701	257663	237672	799142	429600	713089
491486	909644	705011	353596	202748	522377	526289
363423	653871	926664	127845	801489	184799	596098
403683	428316	901300	425710	559714	759032	110963
842197	467208	575446	537943	698974	986403	573319
386653	669383	79557	138717	57126	207850	882040
728627	674729	231188	321378	313727	285533	718568
137206	661859	289559	209065	854313	699304	678633
497749	404864	267260	190135	207662	60090	778328
10868	514872	766378	315811	807771	574775	863860
719822	265586	359819	652377	499048	122127	519024
414883	789431	674025	216384	24144	439217	430243
258180	39539	10245	582966	90912	450261	485143
136622	792702	320147	372386	260352	156224	445751
661090	391859	34475	471846	116788	91997	505551
61584	463123	891831	195315	711462	968908	9103
630954	234244	440198	826778	712163	400098	465309
759321	941654	959438	834248	462534	655281	474339
870797	361939	363942	834660	418757	261997	629517
7494	750505	712688	567619	198056	505917	273513
732571	158016	237458	915880	151332	577319	918316
67305	334854	914660	196743	865001	557309	734695
467643	770661	562690	278428	213580	515486	500374
96236	594238	172292	581014	386692	979507	580824
714414	661144	520180	831022	879742	949590	828208
915633	746425	556252	160050	633994	120803	790846
913979	452152	162598	976038	391034	539568	977551
713493	129732	116936	754353	345389	737979	781121
280507	949638	775206	551439	678384	592307	979803
937211	240477	935236	255106	64258	83872	580172
424933	895645	328094	87641	748205	829742	693931
374210	853615	183688	18058	897455	274980	93986
610288	306235	648020	863356	623004	834105	745026
466652	219753	759225	812582	569633	658072	550124
568238	38127	328402	362209	14890	316355	721197
426794	769846	386920	887925	720043	320026	668936
893513	937993	334930	378597	923123	463882	7007
536188	45773	22905	708880	594893	242583	398197
949357	436783	986397	174807	906578	690730	169041
180864	667251	834032	925661	491875	209284	3956
37670	306507	346365	753587	519482	134519	933152
730992	966185	273629	995113	927746	715733	161941
818014	281208	759064	255862	984849	194422	620523
120638	614166	267101	194736	477428	140616	363411
841231	569091	662273	927964	418083	413570	857875
822885	173453	11949	863839	739968	605687	953043
36041	790100	952254	633955	309977	398329	763190
14892	241035	139055	902749	905827	497160	727494
806716	565950	746113	13081	579748	792385	634902
642444	695812	36907	911832	711409	119990	417957
724351	490382	868036	205498	873194	455528	303974
640681	21073	621331	783424	245030	769737	920575
622989	529767	602823	183024	562508	294637	307870
733422	923429	373821	27885	486491	14869	635550
786886	999824	630967	458105	555399	602037	439278
271632	510981	729170	490785	423997	680159	323539
233344	37758	505629	673771	108156	640342	921933
894511	879567	686895	875272	816260	198166	286129
25273	61029	871626	403372	256947	64653	888703
89477	667434	669473	733410	308022	569364	308272
579744	303772	164771	436043	191852	721056	438132
812323	823533	615436	186894	575512	848183	643616
333179	847259	719884	324679	204018	819887	156778
389158	126418	302637	7454	664176	542712	516689
587549	946476	805203	88010	440526	198895	304293
520232	583335	472901	557380	354052	750080	439427
278532	743052	760095	181093	18140	144639	962337
399167	838476	351758	734314	255599	598914	777765
752215	936697	736515	612985	509287	979898	347032
680571	976859	625567	774004	241481	690109	97943
905120	42182	155582	415496	375045	732826	987601
276765	451910	459817	915180	346098	965787	516620
287672	272831	753660	545346	395522	33364	568016
82007	449167	519495	45415	236944	475848	174370
816874	542046	745632	115908	1305	57696	995906
377104	356422	647594	41359	942718	566601	645753
359012	545291	220416	492823	592216	956101	147444
93106	169591	662492	779003	879243	269338	396003
620276	945989	914066	813300	25782	618169	841572
968981	767077	437803	785381	364760	609785	671065
938186	542246	294722	997798	146217	687744	938073
880930	929179	502688	580138	568152	464134	540265
210496	835951	97230	427471	556079	68581	984070
667208	15176	347811	666340	666759	518899	434609
916133	645590	316791	310625	836112	9834	960307
188948	472038	214918	185576	292933	640394	10400
642552	598320	207825	895811	644062	314361	585930
242294	204915	216287	828866	603422	930648	427756
925725	563218	700202	307044	930161	614263	816796
591296	807181	907134	900168	572641	632460	483459
709637	968526	417933	325306	898786	243720	324712
451947	110801	877771	312030	512538	543241	913235
994869	642380	95517	862961	360484	264729	295224
328900	678617	744449	266149	563692	861735	869221
74408	714654	243770	843995	594814	293612	484574
811108	338601	453995	7950	826836	972697	872054
526527	201810	64436	280078	619676	367365	757557
153457	386172	49545	570721	238775	625262	926680
826403	295681	530135	177842	271567	469101	400957
250812	551933	563383	26152	823827	311699	478211
180605	199800	657317	972469	940409	995800	813580
996229	760666	209501	960262	811496	790889	857189
863719	289032	647913	941118	884778	781993	53267
9878	873556	660087	723247	374756	983333	767729
81880	560715	581589	599299	930361	329309	859515
284278	117876	657180	155693	539780	636191	411326
245184	413547	383624	351319	178117	922581	81551
654406	201949	405974	24224	929208	35943	138374
242306	269424	731187	432873	947546	638183	654770
551858	653302	67555	584005	45474	25446	77350
937967	564859	148416	429775	577565	109845	622048
608477	766090	933478	295608	104827	930504	305636
26833	881145	817299	897306	941775	681227	795084
532429	46745	191841	505423	803243	748654	237135
396088	298703	974040	924800	722570	694199	264021
605757	114300	12287	78323	838144	457741	924897
864981	99915	229585	583510	20640	436335	591744
865464	865889	382891	520141	778437	380501	312465
389647	684079	105876	523647	546551	112617	145239
105920	329073	161978	581842	798369	339804	313055
162293	540086	973823	270388	681809	756189	680079
685886	382652	542105	569351	43174	637722	818717
126576	520695	544312	493674	442648	273259	941991
140818	965593	66014	446229	376379	394475	330837
757689	428277	20707	273346	902423	727093	272067
221642	674679	505520	906486	36909	993928	964600
217476	117342	895227	687216	208689	43994	830656
236879	366462	583623	736631	6834	185943	713264
388210	241179	305439	154803	521895	760301	762159
179904	145267	705633	635908	837997	363115	256165
593428	295625	624340	888297	633114	129593	618547
860871	537136	767160	87274	489512	809446	638695
859720	568799	617187	545660	748679	746666	773491
595805	927595	890977	949542	228168	628003	124613
610180	691768	987056	390111	334163	393702	959648
690251	934263	475832	344175	64627	669633	895755
145016	268137	551479	857656	729418	648443	825009
748049	701346	59070	643044	982495	937441	51063
215113	664167	875422	424	830967	468404	964029
388162	191194	930795	663533	335738	283965	12870
527566	220967	905095	649971	657033	373377	410815
467691	248759	95142	911027	633923	667478	911762
260030	136170	596519	876796	764217	912485	382124
276421	872810	111680	899548	618095	395905	302014
449152	226814	737212	773581	47484	796224	83899
978515	680331	403664	375482	142326	4922	619376
436743	339697	781591	961274	181977	17708	151928
560421	625956	513312	869249	703644	124217	415489
799933	842210	615191	518808	440727	839639	685686
268568	788412	29485	275958	370018	454498	486494
605355	515944	826525	298388	159610	69958	760558
944196	742348	899973	393109	991342	486958	161063
729863	873395	99918	206648	728074	867875	416655
284969	65747	307008	167041	815945	595964	952861
506621	110147	309284	705231	982356	430997	269360
546628	660347	611517	677682	654899	791802	374692
39920	643849	141321	85721	148486	320297	955098
25550	575205	627602	723411	597213	576085	796213
400541	863507	620166	941924	35971	870414	236566
629641	98379	673605	999710	488104	57195	469437
572683	560880	407039	741376	300856	772554	737098
529889	689268	833362	450118	431333	437879	228040
974354	112525	131363	176518	493048	634987	644180
497494	148135	493980	504198	597418	839549	851921
172901	313928	163596	84387	156238	323745	451008
515728	259340	319763	161258	614977	337883	11564
202751	927519	86059	734184	785490	116602	189416
327991	279438	807174	114404	484677	547252	374857
26617	833683	572738	476672	731300	349367	693490
183863	961508	614087	737436	431957	968811	919901
693393	864460	755050	505398	14063	110406	822473
30046	529177	216137	971267	840955	704486	211521
302913	476358	18796	701930	999583	341152	114763
10499	428960	492679	852053	121444	990249	910818
282558	853255	971755	423372	666895	30010	749882
737927	228628	478321	710136	920487	814380	506946
821439	401393	427101	698511	674617	732172	624914
397454	815565	772260	74071	9109	545678	411236
423382	608061	583509	651072	307485	226829	641569
146452	300752	322911	401471	418442	44886	796660
118727	308233	678470	655439	640181	909591	503607
361710	751800	616223	180627	51609	899923	187800
420959	134961	711224	963398	315097	690565	9706
489354	609524	604024	986916	744468	655112	986493
772294	601209	778328	618498	313265	156687	698885
919859	848679	926546	84783	957933	697146	292525
308829	155977	695088	894847	391258	130185	899585
425847	494389	745317	955391	558526	502607	975910
864210	25738	418396	898163	672495	387519	418284
145632	668927	983689	42086	432140	630222	603317
79529	291138	561685	927840	206642	510771	637852
82971	359587	503451	764364	760882	431307	63475
502929	167934	457023	942381	42519	383637	267837
691956	64387	117443	260801	233088	856785	173164
833750	319539	271410	45096	676487	453452	803196
919600	493970	525982	116023	946862	337855	441974
987884	448678	544327	691632	290380	538566	440663
398425	714299	748083	925674	941753	763158	779671
914526	68671	878056	438530	950361	2859	909806
306743	33262	465524	112285	350876	295679	483258
747691	774234	614233	205789	273783	613358	742577
172164	386888	249310	433839	872244	964472	904591
681232	755792	269497	35490	643999	64521	926164
753688	680261	933067	744430	343353	995340	988418
601035	423643	428650	586607	650094	581991	700709
169846	725154	328769	375453	378831	11134	918156
930914	308275	922787	277158	458917	998838	366048
743556	905549	502991	824310	935906	728196	441537
187280	46163	164420	327341	634088	330034	739885
148310	520187	95910	740584	119070	954624	463961
993782	239340	32464	582446	899148	955251	233968
440427	656987	868777	773673	689122	77228	422095
670685	716999	817259	927985	175353	484486	429030
702258	844021	455354	216177	11576	444793	357096
273756	245584	78290	341902	45918	76409	978394
327319	791530	395237	884397	489012	734341	293375
876786	454271	482654	889631	374385	822096	750267
316194	751962	408488	962477	840305	239380	231907
11488	918085	724322	416951	648073	664699	53475
441983	804794	758703	211231	51085	993739	520680
724810	467061	527884	232686	429213	961752	437995
282178	172022	14331	645044	599708	126549	587475
464653	879120	4605	826887	270334	330461	400267
79749	67943	298487	463671	124970	154433	536324
12101	799655	805011	385908	303783	921017	961982
780760	190358	89390	77677	408774	1241	36952
978385	747640	237330	568682	50138	205057	247442
118271	617833	136903	46888	427859	83638	963616
909125	837864	749001	741277	432083	22432	328659
772495	12993	166328	542634	159653	520350	528068
608023	650317	46882	787795	174779	577035	127994
39207	437629	37652	106558	440370	144464	802793
21051	573760	856536	631839	121859	223499	881539
361017	117126	971698	391986	543565	5430	218678
176232	738564	100729	946827	849103	125580	788619
644472	783646	901571	770825	140360	245402	208685
874820	494492	207604	106410	614616	225446	542213
529989	823286	879853	479525	188657	494804	570501
474725	91339	345842	34376	756664	114303	155962
279626	856598	68504	358821	66896	166658	799051
76243	424156	408363	41957	482343	599249	361250
237530	173363	803027	983846	634858	964607	420132
241071	565085	277762	986298	172861	126273	892052
499829	643867	216858	871878	125914	467238	258124
254460	1627	540853	426239	494328	201825	343066
864497	184254	393615	257370	443268	309795	116705
704122	777250	592896	804902	120462	215909	770303
99093	440050	5134	352060	126033	582733	794639
300924	220837	403923	113415	395368	338129	11159
727420	252748	986160	461638	769773	159524	909900
234621	398052	801987	403176	64880	33851	392854
637966	506444	892838	223837	875410	543217	697745
478593	366109	153200	375097	417497	987845	528215
455008	907269	281654	240764	290325	161790	48949
40131	25810	764968	431353	467207	976700	433494
527008	429998	884563	453212	780690	604909	141305
155951	256737	599071	41171	176783	267999	172116
755412	799328	884507	905090	551268	146911	209057
231167	261918	481522	771398	252279	229599	818656
307459	948127	269030	777235	206518	224297	935985
847626	500013	530034	29838	179875	884891	985171
975222	927871	615179	493272	635927	962670	281639
396798	776703	424044	167090	945344	585483	161521
51099	579032	208265	499609	142762	66088	663645
964679	500187	671866	469712	756416	826541	801162
535329	868212	229518	603749	819187	460820	795718
698182	165463	597959	514981	603924	181579	15586
880068	353786	518682	280261	902262	276745	543155
100539	376445	105286	729166	666960	347205	378448
275913	719988	597879	18221	479283	279349	422226
900041	57144	684162	386536	340770	877211	188779
507028	178150	452229	63681	745560	690438	809218
652862	678322	303307	440021	640718	103287	653423
795922	627890	230297	218462	422638	242597	709133
419109	755233	741130	353801	919759	374305	723983
178290	82249	890321	576603	982960	837454	689222
219093	978468	929694	234537	874390	620388	863231
191980	809306	565513	364504	634883	99020	270329
681910	742290	878262	924710	633392	352059	71740
459737	122384	468855	995966	528603	752693	824468
577052	670787	484286	454582	7191	117968	211194
449834	795689	420765	19365	704400	414477	24211
766827	677023	248219	264058	889310	146930	526530
725584	975972	208195	582051	404396	94664	560169
210079	836982	476175	887310	912141	682846	515453
210017	704908	980447	729478	811269	195346	154368
490526	964928	367680	102062	102688	887245	589189
13203	843075	240372	686495	993337	702581	566656
465604	253015	844597	92141	226771	559183	213578
651855	528598	10690	599498	818400	658168	970341
141710	690539	42522	313116	962549	343066	246076
883352	825416	996084	657152	714997	110765	382682
668211	527335	34679	509063	640612	919267	861061
332296	221769	74051	334615	132497	622023	722541
964272	552420	762092	20329	861786	481245	312920
230309	2407	295748	466313	158292	574664	885821
535837	232539	340005	702519	361565	93228	901954
309440	895384	324737	384781	243973	878365	172659
944852	410278	889290	964448	304698	905867	446232
711282	154877	829464	923775	839210	724092	767182
689526	957209	229154	40993	858825	864005	512593
290374	826776	773833	889440	312170	516277	81353
248628	865246	412078	346757	750386	640103	316865
900933	673364	674516	265752	476249	908455	761083
384606	254082	10643	173561	703610	484258	710398
549358	738246	901316	935927	990023	753876	903923
187622	251702	476959	719297	405629	483181	596116
449126	21542	407019	642471	372210	139695	153526
817266	123380	817626	461302	312416	461132	399406
769778	912754	768060	732306	447257	820432	20037
530706	934029	441746	118029	193830	171561	354344
303334	285847	615853	530015	556068	859304	93052
560051	614742	996422	388600	718571	449148	130602
159662	120312	753410	685371	197887	877233	869558
68660	415138	611230	193690	663665	916211	26190
590897	301841	527945	286907	614571	592440	122275
372991	112251	68471	682849	145926	470273	666336
619872	92	889247	389164	307741	688214	369936
299932	840752	442894	885571	646191	52230	436585
931937	231628	521915	712686	920734	86601	467058
874678	106619	737365	115500	530196	328181	589053
603553	970290	120283	710636	187728	467688	598363
275076	1711	163763	915719	147093	787738	86587
505695	699566	885600	86702	264912	85797	72283
270285	425701	894292	266872	965046	706289	807476
610706	169651	697345	960631	315163	679298	143132
498560	150438	93	617262	864999	954989	360781
421837	494761	69832	335055	538726	895464	701671
491955	276901	851159	312603	954867	557469	167937
326072	42571	502233	491537	796706	810342	750936
307955	866379	326982	541499	757839	989840	954061
618441	496286	267552	805363	333163	875948	166979
889171	251761	55928	972640	437194	995326	723174
650371	503940	754348	685091	977967	430676	187402
325502	744372	210905	907641	557089	711180	182529
983778	536878	470299	366425	304260	377023	972236
123869	605927	903529	584878	693685	157111	487472
202288	685451	259593	164889	164743	623630	866315
495722	85037	523518	994950	65387	817516	570800
336217	272638	710517	469789	506287	779306	375533
158562	503308	536490	992546	94281	385274	568046
628658	202562	201956	106461	201858	603767	874701
314878	310097	975931	663380	16631	615691	418946
517671	973927	459713	615921	114002	293449	55747
523954	814778	492760	413934	144354	5668	50768
947903	398870	936964	864223	9229	652191	780243
815725	428471	968552	809442	527861	361064	723651
871798	515466	694242	858731	290072	58439	588639
248482	488134	714357	281704	281136	44826	374380
939719	71845	774056	881501	578418	918172	910912
814492	596604	829223	928086	887973	627834	813989
910914	262773	13026	932375	355708	282361	974330
807337	392205	3407	363040	81481	69873	206556
630618	710693	343626	39201	479256	627779	502241
457423	747318	935087	253423	226428	913391	817269
833181	558563	153981	297307	825646	411029	190804
553525	44450	950337	175185	826736	159122	891030
205434	150743	711589	90055	146980	507566	229269
651568	164561	125893	183529	732525	257037	506653
492437	610141	738496	398200	335964	210373	184933
670898	207705	59119	600698	658121	493313	487548
356185	950816	52164	654876	247357	198549	992553
878961	522538	898270	802036	317742	136219	970879
56367	503420	706308	47555	724903	878327	168213
873071	511411	822495	928081	369039	415371	62791
449343	643838	498289	695419	478040	627222	958990
395239	602837	199714	755945	830083	550072	964404
209595	863359	247577	269836	408997	665362	278348
246185	423866	115183	814369	517261	586185	398604
84249	196542	221940	675880	180615	504449	269794
8405	704674	88562	56549	959763	878290	839432
428454	5067	669759	414485	400656	678492	835204
664487	392542	849530	921797	640994	138363	107531
674997	790111	42677	332371	957292	766102	52294
394535	158132	829050	289698	779086	528559	32983
268956	102155	814905	849400	117782	306619	853712
35471	247995	498043	281603	657410	753065	601580
121682	868115	369877	692563	394500	979300	171172
964371	809481	687081	672338	843970	754825	794994
874552	482021	204682	590148	926940	277579	247310
962395	988942	469672	766638	678160	382168	789586
423673	862903	737505	537821	111916	35171	207662
308106	944513	237470	438521	462692	329689	767229
20341	168473	311214	335573	897284	666873	98769
739372	145414	227692	666650	594259	49908	256314
18794	2339	992284	689673	367288	543713	210412
284566	459547	765935	3652	643038	7112	654550
153583	774124	203427	39699	744331	735365	256765
770544	644643	2612	628406	692507	795278	631335
444593	77574	78401	224039	94840	924442	781711
776354	732136	327555	947653	493856	270866	774807
945714	127664	355535	998917	649032	712735	133799
877103	645156	597376	458601	221197	927016	711687
443145	183604	57087	120922	366725	479770	310766
329148	981998	44281	469662	824501	88920	106426
526094	361665	771269	157929	427416	252398	136765
911553	849672	143773	476507	481999	756069	623723
388024	157488	146905	898870	222008	666248	908414
587268	702003	505733	920128	401276	415802	961649
928793	155267	40757	373960	275625	346305	607664
949034	522228	810667	818393	331783	70437	209932
786388	642648	455480	313546	991149	269279	771693
93882	867996	923149	148092	43234	901233	719656
554698	214124	55592	933938	668509	118475	190861
298776	32046	652532	154142	371756	815087	84767
281676	238374	884211	385974	123194	369053	67860
441396	571108	853798	783564	725793	294386	958765
151682	552668	485948	992346	71269	452194	433846
573899	378423	675591	899251	12613	51233	296083
159490	671752	826996	206540	294529	990740	132367
772618	80434	857933	823128	795201	481000	143922
141852	781069	875398	311927	725289	292065	129116
926775	569675	374311	506812	367413	619636	44280
373412	840485	130083	412569	626061	790438	449365
188345	59831	136269	415286	656691	94740	757173
656244	891581	484912	959731	227813	224693	824751
686972	339793	844154	981884	628315	118780	103323
732516	111044	574454	367363	184783	643420	688379
211534	578533	772630	48680	451304	814355	836777
750853	917503	957880	852434	666011	55941	171288
335946	740867	711497	101094	976078	101363	330741
659877	130105	525130	308443	345213	983996	606138
794005	255735	733232	595816	503186	161626	773771
253473	641166	316045	657744	690476	680999	276370
377782	926455	412789	264236	231070	53861	529430
323975	786006	195738	169787	178895	887160	185384
55729	814824	799464	795493	587151	421010	17797
895687	867165	135887	584086	416753	102412	632422
435527	238778	235971	184181	985734	985750	194406
853580	768806	24185	763125	538347	997033	639789
700376	272008	788166	296157	657293	433404	489707
787755	712136	793677	605919	122604	757187	45563
834641	229952	990591	786206	527954	308981	576602
444667	147037	487832	543882	240307	597595	419290
411394	159515	477345	249551	305822	289562	824382
786431	715806	459365	611305	51567	477554	69142
147767	248552	261704	205055	569209	560984	297574
839463	530075	489582	812118	656276	72400	650480
965152	638031	884024	166653	244635	48575	649889
67087	62138	761915	219430	897994	754625	845579
796620	695075	775610	62562	893098	766462	925787
516033	484349	665196	437954	830218	349891	382948
411926	556980	571479	973267	230688	486248	274554
360514	97348	976643	779712	470966	496750	942000
875685	495541	404932	310259	814314	884700	577878
20007	820174	558176	388039	251926	941911	827290
974560	581078	837429	518399	519889	927286	592966
954996	881727	249474	498847	281940	267442	310136
387099	720981	343547	670441	762686	356583	793431
288393	996586	68469	517157	975577	495940	130511
451841	363600	985548	778797	755479	793844	929498
978035	859693	298770	478863	818114	51898	59002
766165	285854	209191	553811	313786	982295	32473
625570	512526	160495	534242	104949	790844	839171
10346	319297	872384	566591	940748	197128	697288
903206	957640	173887	587458	453251	256207	453788
450859	798472	81526	954870	916393	421892	768395
92043	86459	76553	682792	706468	653118	563416
756004	106050	519536	457818	161935	160714	862840
603788	809245	968755	160668	43047	223656	844992
728473	662264	28778	24717	53454	495402	755311
284045	299305	23000	38043	256092	487160	211068
341389	945165	722779	36818	312408	806352	852531
172802	385830	862141	815764	988348	450770	355616
92866	492140	667332	737696	909380	28046	866814
105265	46750	729264	898478	662108	961166	775804
762927	429690	605901	30969	732194	413301	258370
491191	689622	407665	681156	721256	159777	775507
650741	874537	510933	139731	548894	723534	29333
6210	868276	654807	489647	376932	331780	444522
100250	15708	484242	971133	180531	55021	618445
495065	512818	813915	754186	508125	107982	880428
179350	752688	664144	732595	693187	540613	161246
779514	986578	278009	428772	712382	555334	360028
337788	266410	42492	713257	964276	480471	411176
104943	489786	52964	299657	901191	453778	799912
44888	885366	966097	779756	744124	681022	477246
49054	453751	627044	482141	219608	518420	366953
880949	327926	738671	348953	701333	270492	245244
415163	899553	755796	243603	872854	44500	394423
348920	121693	84244	522080	248621	825334	571289
842246	359996	30220	238552	878280	284014	664917
608217	781892	652536	16361	493828	134896	743944
820268	851397	903406	834840	614056	83669	144715
918009	905188	617216	916466	517702	36976	149625
196746	165062	912696	346279	710396	512853	156543
381056	239860	626081	619247	108694	339431	40707
779652	83	434565	31351	51799	743177	221591
615735	12805	97925	687240	985329	17823	760343
113490	913586	296773	359971	704773	542044	722423
376076	216934	367426	273648	348795	929463	89818
383796	326927	249005	387617	393977	13021	895376
554280	968280	789872	986711	242523	134167	316396
576831	181220	650225	828949	4267	834053	472322
222387	883841	343170	112882	811254	340239	566143
804067	148731	376639	412448	147496	339665	501706
180807	828525	250887	945392	870830	278606	41286
994125	599730	444064	905948	368357	914067	57166
55998	55519	751576	778386	216391	246598	508426
943427	192050	619122	262078	878263	634043	499642
62380	103449	447337	405424	669698	62373	962637
253635	439118	890422	301054	124654	350523	328559
928778	286541	401482	68708	702470	549057	452563
859461	417410	449795	315173	906418	12074	572860
670690	661422	309966	666688	76309	103235	843634
69656	535498	299827	393418	640816	182825	908003
120386	912324	712648	923396	675049	31079	947196
607877	34274	532262	5971	769060	317487	154188
7607	741703	792403	811337	609477	994923	140319
368870	138167	604763	620249	939660	766004	864207
974320	550780	384750	938349	253450	139154	241467
81299	943266	581237	110411	256692	676391	822229
889945	758453	170396	804269	191244	147365	496162
55738	167371	938256	964658	982019	53671	356338
522055	462825	481193	465551	298602	847323	76166
357002	837489	591329	476142	735799	366536	530309
175285	782121	203377	279725	183958	996554	72549
847822	144649	250180	155266	934436	36811	733913
540302	389284	150221	137760	873368	716393	373593
365119	661388	793433	729403	74390	37295	305377
915903	917915	270571	395282	64929	477543	719790
32026	278239	982662	435354	441556	235735	984314
304032	285677	480417	508797	629381	438661	366010
700505	130147	414991	317801	227807	511593	298777
141330	424631	960641	886892	110585	273943	760715
342079	419661	703319	568132	138333	448719	618951
303128	502332	680572	603836	818201	568414	229421
163483	844684	957424	217592	89203	396926	742641
336550	113753	902214	183243	15077	335993	22521
155696	745962	395446	378045	688850	288911	421905
427747	45731	986131	902014	28301	741521	690693
585861	486738	91492	385017	834681	881356	163937
492210	639816	475488	599460	566828	627626	579273
908241	452656	759695	98700	874512	652371	837542
166851	557849	760528	146435	123373	354157	719256
254723	819609	870695	819907	145021	461371	65764
250999	243348	720094	905678	903427	723883	410418
373267	465906	535041	327957	947865	427483	192532
333006	985217	153151	743112	734350	593453	858317
694803	479527	243218	842635	992003	689861	685616
424866	611442	76656	957836	793205	209347	673099
789412	800542	308328	19784	676525	212932	51943
866870	779938	102740	568864	430254	826735	611460
778157	210836	926688	64584	363261	691928	271705
156414	231563	150835	93245	109272	390495	257116
69895	789568	276118	369925	111277	655583	428753
923029	723999	668246	567483	167538	977635	949198
957729	86187	927975	959398	965384	67666	508607
785044	131625	341295	706591	943463	338794	403979
740068	173209	666193	543791	663706	477438	397794
818947	516687	244464	865674	412230	65033	446067
246626	913067	254271	7654	434130	414250	433
556730	282088	783279	433606	53232	166504	199561
279601	632271	574494	503778	830646	33008	767478
152223	174840	395342	16865	360753	694269	302478
332576	753095	906507	678659	994375	275050	527748
447421	304923	51308	771749	332505	771972	577286
860502	836596	126898	193448	758527	238642	241576
951960	462814	64143	163713	395251	249292	374567
455900	716690	665738	225535	943209	427082	419285
600245	62160	614	756324	745455	400272	317831
204128	289309	555208	620313	900082	509733	213705
814525	917922	160788	957982	307309	594313	523011
42129	898642	741399	498153	674879	782447	272163
117671	485801	978231	846152	603809	484183	606593
443893	776368	630427	726345	867487	614890	725697
212628	343114	159609	769768	82067	134369	889312
472362	535260	315768	352225	135502	224152	253222
65361	830670	768758	767718	747052	833195	725048
347106	232424	809701	781631	867804	998182	291680
586492	620248	469754	923675	706417	286218	423079
209266	630462	610423	184290	627954	704690	459837
736507	97845	848271	676239	555587	822207	159285
633727	454294	510680	979745	994448	372115	863893
706612	281759	979426	598347	473343	506827	161923
591013	495052	572070	817405	352646	197160	771352
754384	395961	144998	568296	68166	12351	574545
504754	195570	966678	372078	184079	649994	18727
958751	994950	892059	977579	235223	782533	463761
338937	197880	893352	746699	870293	81677	554713
391458	398118	712227	632073	638221	160517	693329
768685	744844	990903	832719	592692	724334	677107
995385	492285	256918	941226	988532	695135	55949
48408	892349	414938	660239	853813	43858	249242
415630	923971	546431	675774	403879	491095	259956
225224	547644	818502	598000	34832	242597	832584
675682	536797	152500	885447	354799	765067	394050
856514	286645	123845	819848	652873	822407	6416
882102	584059	540063	757217	337902	775196	285775
744133	978067	967682	910327	930976	281138	221309
364962	632390	835906	415367	368518	708549	696798
867814	517528	43693	495748	287282	547980	904047
761895	785	387746	774582	674050	159282	392675
920362	457330	132044	787880	248408	373462	538440
297496	571676	551761	282097	566358	657320	195173
804254	625884	139788	448175	9250	437582	355219
822085	52361	793676	104242	219756	47385	792442
93569	910371	286418	312830	829388	831974	385471
972539	985461	542315	594035	565582	954548	884510
530130	172405	125188	242386	681515	772327	440152
852792	240123	732694	750803	452164	411577	982230
601239	631808	72162	116181	203794	636838	989318
811689	8620	441016	647143	824761	365919	664274
420909	599500	686328	862607	627171	223473	972044
530020	135708	585687	37070	220253	483644	647482
304138	162976	425371	936874	897615	42807	171950
531053	496946	163881	189871	683456	696630	510113
261265	449221	981220	167874	615576	501744	334710
303047	294576	312248	635678	914291	848186	810302
821990	868913	666285	307955	797440	963795	22484
566660	681934	254784	552431	117285	862533	512185
431284	855976	889483	107798	683168	532394	117971
237224	534387	264418	466489	238290	503214	986038
342647	392794	957146	714565	876885	747253	301248
198419	804454	638769	727217	763144	457519	160776
761238	147676	730603	477704	914068	671175	165235
155900	606157	541924	318887	407454	842121	668646
9767	439694	301346	97647	532601	270509	122036
224452	693949	228266	775888	854305	197533	947928
546014	391370	970708	343457	826673	808725	470654
748522	328067	608236	30897	945620	81195	32652
249175	247329	384736	512292	642862	28056	618479
57766	474592	327339	241290	700473	22086	25596
84448	322922	613627	801331	165949	991991	270748
327105	232383	589978	361209	340944	614260	12936
312249	417272	105706	909183	776986	882562	486518
427785	778072	153639	798593	277283	411892	548640
977835	416974	669100	284670	247195	977918	368829
359609	769523	604472	246455	241780	944320	147040
822251	153477	136801	300140	231622	185243	389886
43417	665055	619411	453618	570591	301071	185549
200114	911959	697766	922265	570910	844148	575109
848885	573786	333807	737768	584240	84312	534936
790242	548684	202134	436706	717001	987386	64951
1327	957377	219129	610696	258004	108495	973159
541135	651588	425397	399478	921743	858438	762530
349866	167594	868597	644592	88153	632853	137615
743641	947192	135693	190	700581	189058	472080
346449	723686	666574	612358	885051	367020	742504
444254	804391	30227	549082	406820	925745	77617
686662	117527	786431	568345	268636	190857	14136
191100	589186	111354	411323	121054	556730	504685
638056	617304	730856	365351	773572	888574	137121
336047	504280	261446	233679	354984	356094	956903
802841	421983	927454	611947	994842	880366	679583
270273	673769	541010	234093	164276	463190	478095
958248	909238	208439	906489	125816	597987	927859
439561	510864	145108	579868	146528	55452	944319
215128	281428	888532	995725	441304	742049	352871
220371	546112	371153	554811	33603	782806	700812
70589	131728	400767	369122	57040	160463	830131
475612	936901	869155	666557	467954	534042	454709
968114	55070	321320	234736	569125	778458	876696
277241	585799	930793	756820	949732	792987	654410
649249	771392	100042	504674	874291	179227	632570
531033	160144	805463	885149	21057	591301	726286
522914	65198	389834	784827	981315	779923	20668
4213	934327	837298	406503	794372	704317	282260
604304	3424	69781	175054	537751	373952	351492
491510	928388	293663	736673	894444	173271	914556
59864	269966	885225	410966	829327	824983	291461
961371	500049	428923	858159	418585	701972	927077
476997	446275	710833	156090	28019	667546	901018
713966	384555	490983	193461	462285	337350	922946
874597	723453	923524	655639	933215	377130	287304
645741	741759	377313	173314	435140	927893	215075
663545	400522	477569	76667	983518	110570	421353
634632	44461	869060	567905	677688	166457	382234
6870	528399	88684	75984	369152	232908	44352
420363	264657	82437	305991	111910	93452	619431
280499	833746	405631	555206	550146	278456	356366
555528	945043	81629	563742	74493	693319	61598
201082	703002	479618	983763	682809	884233	156759
681466	243613	437718	5823	113953	865482	893083
281976	719889	333984	217560	258985	243739	550121
640493	384080	276879	964255	973267	396689	715131
119690	181790	677976	618410	226779	58570	867992
287052	585564	610345	197588	663944	563472	602402
522485	18742	74963	863861	780383	747229	577597
646187	772035	94706	637684	528589	594121	497245
576579	273400	412869	591728	330816	11586	650141
308532	635391	674088	378971	55319	322456	791162
49287	758481	930469	561003	71176	198534	965483
679210	758947	984349	686420	86425	440866	265820
617891	49314	859894	685694	466179	188317	373125
81782	877387	601061	277618	681888	217666	235631
923075	694225	409535	882102	665626	9972	405642
589417	580530	115966	588094	741659	812258	240556
284159	453378	67571	743971	657413	856478	835866
82865	118053	648798	371098	176004	270670	345508
359560	977598	984774	672857	136876	335504	416334
591227	820156	93442	675671	725377	430625	693733
727614	808915	935125	573422	733772	589650	638926
849665	262023	482648	968477	217674	631284	460729
145568	176265	710092	275795	817074	477480	216728
959085	918933	540745	60379	281548	736455	753143
256354	187083	553684	907395	738155	153785	340944
53043	787858	310312	597009	914667	727247	623477
690533	141106	671428	811395	699526	506928	670861
644	298701	389396	564724	818971	951245	866592
535727	656634	873718	476557	485380	752280	778069
178092	792012	319687	775567	752445	268053	471375
847587	979704	122221	393248	342213	323678	107108
296275	283614	761214	569915	540522	428428	756732
797652	452964	89172	542095	784060	505277	949884
548627	161178	28791	787959	205194	322958	338728
500693	626387	300553	955442	716080	387824	500247
567287	578598	996791	989884	597038	83515	219174
119002	938905	889944	141803	179234	191921	964324
388436	774632	353655	407487	566349	711327	271977
892141	922298	414938	175501	675001	909849	122168
845381	62496	299819	169243	190957	919152	373404
335768	726559	635876	138760	758131	14576	278176
925917	445265	32058	165654	357053	3204	519550
595250	421458	951485	29623	721993	861134	697156
175179	944465	457481	790728	731723	790411	494198
911467	262916	461940	763590	850842	296861	632689
815750	80436	438160	502061	739685	39212	809761
689221	786783	399192	327749	720649	25182	636245
659445	66827	405288	866341	868462	601634	989454
500943	135076	438710	396735	706893	499278	523023
853071	492637	534074	157914	124232	218954	713671
406992	439838	953095	59404	929203	369688	240603
45279	455097	469298	39503	22062	66260	940764
815066	545534	484409	294257	324617	879883	106004
894807	826293	765021	179128	445430	790576	651682
735570	616730	171163	297510	891391	512011	589880
541513	134963	246229	492274	380250	153859	831385
904613	459175	919995	846734	416296	23286	567062
375167	81147	335237	112839	562582	773230	764357
525556	743068	767125	932717	831299	134133	43525
245554	184383	31057	785629	525645	800232	953024
553883	356760	27372	242983	23490	954693	400154
454507	219401	180095	169649	395369	675333	937346
200156	813781	842555	973374	763542	231418	373120
770372	782898	256530	640720	443254	758377	60656
937414	423360	274397	814044	67586	755474	846805
300673	124238	957681	961983	386472	699723	692241
272021	192302	662044	199748	45487	733075	598983
411644	685834	414637	485241	804641	167719	660414
23624	205804	754398	865964	299016	477069	355388
146633	878222	48028	597503	250937	997124	789554
798443	760963	194372	448112	434182	303071	600382
310787	700458	626313	243800	404299	666249	493956
259514	444918	660062	479356	138655	262255	881270
548342	361703	622758	689671	781097	866910	764579
303876	530682	418213	445735	125966	423700	980919
901283	638974	657675	533268	345096	519045	510254
111934	288959	251162	686766	695760	809274	62618
138067	555191	685277	458994	118912	429490	374897
22817	306782	215569	75112	256679	706748	805255
703217	348120	52502	325672	953877	534356	11359
898322	153815	59115	990587	127498	306256	533457
875439	711356	789423	174453	841954	763467	609222
953755	211550	906716	342441	929944	692701	110902
738271	856929	680771	25873	518660	260111	468713
329050	13290	698159	871002	633153	274352	190458
460371	394898	104203	625413	571368	528808	186146
251964	791206	266293	766315	468633	828153	86756
494008	125043	530668	723495	28587	461744	187897
462801	234447	205063	306527	636714	856703	906334
401974	643060	662131	309258	58591	95625	114135
289363	634698	659768	746786	518551	651977	778486
597633	25632	295533	829788	280281	201151	211504
152902	664378	814763	110632	255580	917833	938459
290748	532191	668076	809774	102298	1125	340742
616635	215785	127549	400506	207850	452854	315280
255807	962980	121590	742280	692442	735018	930428
438054	728735	261664	96325	974906	104651	599643
164453	678057	923754	820764	404007	780042	420977
874147	776174	156940	816880	905547	155110	677024
792901	663821	579357	741069	787597	602182	73470
699950	160323	739320	87893	604319	951762	965365
214089	529818	86383	459023	115905	430714	125021
197502	875609	157496	904837	481637	523880	877251
182805	270148	877550	774276	6291	796875	713281
971129	513910	978706	105548	21138	945541	894444
881417	909229	280068	201514	218129	849231	367
633271	79957	99969	343342	795179	844256	696894
21296	842064	801560	986528	49991	870792	239658
174549	73184	493278	723854	429616	988350	424727
575105	915821	629901	512759	249994	520885	827021
390228	377437	414435	107057	256897	88071	866527
35525	660255	181207	428046	295075	234223	154323
990426	911961	38051	390286	612551	13753	285206
810567	626643	678563	891576	226609	362430	597120
127478	805133	324737	833841	381333	557744	231627
745609	225714	687128	865536	162508	605232	942458
756895	272644	769979	557216	28008	103210	805830
936743	227968	516265	57231	603449	812360	248263
647420	635372	291122	587155	617829	828626	6109
341309	770484	250137	230892	291015	290858	908539
807534	10840	80234	335503	357834	348483	269742
356272	227836	41725	784851	236644	393908	883317
574369	491329	221831	412808	162342	716247	850269
265951	563731	110976	718749	230010	598097	629500
595370	706903	188460	346997	951396	588839	411350
637958	911126	458753	325263	505549	447387	233891
394340	484588	57426	302330	378366	830830	685234
870056	261617	584257	130657	942422	347796	127341
66024	830511	827594	487537	28406	778649	740899
100611	606841	767400	342053	490852	927871	584564
193789	957706	365331	693184	692406	895548	154903
77694	531385	816625	706347	382911	793798	476977
177523	454455	316479	552138	550948	619890	498780
596677	159276	130827	562813	162761	581864	714676
136304	371303	692495	166833	258814	35454	814000
381561	787033	111532	651910	33938	916365	254689
356163	173902	347487	608568	787215	458208	222126
720231	857045	574972	856683	297759	644030	646960
92192	200386	775047	189570	304613	285544	337452
216240	104084	572112	907972	383351	600215	921946
585521	574552	338573	103947	798075	738005	989289
893660	356158	84032	540728	818031	827175	588555
600209	137428	564983	696097	952713	704334	589553
352874	966232	314401	236261	423533	202305	915280
233147	466388	698600	937968	445724	136785	332459
866382	484583	947759	749414	365922	342001	890439
480143	213238	578163	188122	533643	705879	113455
118938	83228	478972	691722	76924	795935	556932
164704	855716	980680	911635	532470	235266	65265
168178	707529	554390	809265	648119	478052	442972
757941	352228	710836	13024	420593	659267	992054
233095	919864	315700	266013	597103	345759	951523
981609	766334	924234	935817	914195	525708	784905
203351	164375	428033	121329	699224	50418	873948
131114	504734	265530	591949	519756	515810	582093
833352	751631	588013	95467	785374	683133	951790
685714	86038	59006	36721	817103	509968	872274
471283	853054	664218	150789	617810	767794	661639
899308	502260	588255	710515	560031	406844	708007
867590	70598	239432	88657	766201	979704	104252
974832	741918	231175	220749	787611	674871	444813
649326	680760	824671	330469	917315	28937	955201
130979	732122	421142	209202	56691	224666	699319
914754	593017	886520	140642	431089	775021	778427
811990	146548	216732	302234	311303	410166	991578
680877	821586	3828	846368	546217	226945	447859
998028	104775	4559	557162	141739	550803	72863
833167	113134	23823	652509	400506	669134	644268
517402	794017	574301	445645	806757	641783	533937
535493	517074	259716	753968	77756	270141	202632
215257	788118	492238	367516	562267	257737	923768
445582	382850	44869	281921	262172	41452	27024
590849	623853	543211	234402	642579	213640	201010
360816	281907	108916	140966	150587	336346	917810
784486	670866	325781	841840	81544	302453	503201
666441	981617	26989	225092	225114	994390	38497
414117	883776	857378	2362	785820	195764	562737
216279	503553	465187	210625	2754	218300	662340
527227	787793	140067	227648	743871	319143	875207
788274	458928	108744	208400	566604	594774	738806
950906	719509	354410	932981	436273	543551	144859
677243	608462	298276	788461	107670	654750	266365
265216	208356	157205	612449	187111	597652	463533
885773	813382	454473	390422	96543	973893	250831
376513	407119	968205	208443	143311	809361	323282
605369	141997	24102	610458	279693	407458	393822
583685	981255	204152	575590	917469	432535	16869
937118	778809	99498	758169	145511	795495	755247
316441	890727	194040	148653	718836	913859	240358
560320	506861	281516	711897	474720	738928	589260
308674	249641	909204	500683	29304	40779	478285
919881	554521	607472	578030	644713	367459	242262
864328	801706	936490	794587	96745	315175	295483
306855	480769	818560	670949	539064	34183	586241
5162	342577	877971	977510	714548	200627	505285
784010	873308	665788	957783	610774	890407	143270
656971	577200	133933	343837	898843	90270	163338
736399	60123	723940	325261	776970	170472	622196
824497	861159	606197	283238	213085	695657	582442
987116	674421	660807	392738	686925	941187	615623
785517	33735	157149	821423	498374	864846	651818
804874	933608	139951	171395	524718	793101	181726
775975	787601	839483	898241	135627	806363	421742
625114	887178	951427	343618	152138	857660	796782
767637	345210	388725	663292	300958	173532	442767
888112	414169	362028	603052	398281	848930	837089
880560	6166	240977	371830	641342	196899	42525
214340	829836	572672	85275	799436	171232	322359
446826	490435	294543	286293	295577	56883	159612
489378	300470	410824	358112	864956	288660	881987
768795	360453	463235	392837	668523	186926	32164
616494	570701	840370	821929	797826	365034	477261
444820	30033	673127	760914	310521	664968	955927
272707	9868	27609	575207	139775	467876	482883
710929	981634	50926	132643	45432	214625	221704
247456	981583	791186	847007	611581	686116	437077
112629	209435	519944	875051	731658	374935	123465
596397	217629	267656	877527	561495	644230	425400
310526	284139	79823	992412	556471	798660	402465
321614	350595	164806	161485	15504	813926	676228
752717	762301	260661	538063	940250	950054	177200
384982	1277	267991	936543	84618	493116	736205
816918	579587	676495	507550	247688	218433	105015
125247	954192	294875	663470	826132	967472	368592
819566	73754	806674	187593	275642	638056	212838
719825	486593	473329	366784	222766	226936	996130
3679	118468	66168	419609	207072	30779	307164
647723	80533	117749	719266	925182	368397	224016
63316	414258	239807	484004	726711	781838	61705
748763	79243	717505	896629	127924	614845	759284
789631	573061	681015	758158	650525	601964	904281
96876	379566	278359	116131	435745	887595	725795
985148	287000	20604	423287	830196	756439	180516
558175	982763	72565	815533	447704	689523	343757
701219	699333	318770	689070	143431	158570	540487
523286	963252	117289	742536	148043	719438	567671
457456	881426	720822	646110	752822	361050	90507
521619	222738	725452	295765	524444	452896	470042
444066	201445	6231	87227	660894	751971	560504
513737	924060	928147	238904	371124	316424	488013
666715	362312	503724	96314	401011	201393	964496
326935	254657	102643	995141	901344	501368	934825
702893	834037	380884	516112	982609	974660	3191
485136	360325	521812	242492	396846	961965	70170
711673	758000	184533	427128	947935	629561	682673
481930	931523	999716	783219	297453	648030	573163
471995	777412	531604	905745	622439	493720	145307
55958	143696	305235	466140	859767	988748	693556
355841	405172	968861	969997	254850	370369	118463
173149	183264	954789	198660	383689	45074	860957
643338	198600	452200	723664	42575	869989	986298
912974	233977	117905	87923	45828	550182	64701
918583	567048	57330	960473	46716	11790	802980
214948	989684	614973	734170	718209	902620	940441
920310	655526	939401	296612	427360	652246	313783
220565	619574	942504	561342	883720	258904	989338
905135	520714	983621	395542	159265	410116	251901
670552	801922	968140	342610	659592	583820	597648
63900	465007	341588	550602	268893	882868	803781
435630	203175	669119	797849	112415	33439	392299
195748	586560	833045	53617	462959	243343	630440
683385	178154	630475	400134	900718	684657	567267
750340	367585	855201	859298	163403	820439	785909
5104	527066	57611	281494	878119	555510	236597
352711	172575	50562	713721	395912	649152	112562
509114	594275	749804	554012	976096	795467	736144
684254	279327	856390	473881	409166	30312	11972
745396	449127	380900	570086	327957	951198	801085
333880	736989	28467	300317	342370	593123	644715
812069	817057	65831	495256	437896	732800	771321
900345	41902	279643	887940	219609	573538	457193
582142	111783	131128	675926	887415	571465	557000
190249	827585	308359	410285	748651	828830	641104
299321	910769	79519	488541	544221	650386	134472
323821	827664	560771	585711	847912	914435	462125
190037	244525	636013	838876	781378	978439	156130
286786	825396	764225	918704	118254	195114	751422
541294	1663	620495	419683	930004	837515	762826
857963	209676	261454	753804	422031	598906	661292
165809	406004	834297	703822	701712	281800	940840
619711	22685	904421	130475	588557	845996	263121
338750	732098	96437	847485	650274	648541	838537
567948	683121	863210	685014	741371	921744	487831